기간	자치구	동	합계	합계	합계	지체	지체	지체	뇌병변	뇌병변	뇌병변	시각	시각	시각	청각	청각	청각	언어	언어	언어	지적장애	지적장애	지적장애	자폐성	자폐성	자폐성	정신장애	정신장애	정신장애	신장장애	신장장애	신장장애	심장장애	심장장애	심장장애	호흡기	호흡기	호흡기	간	간	간	안면	안면	안면	장루요루	장루요루	장루요루	뇌전증	뇌전증	뇌전증
기간	자치구	동	계	남자	여자	계	남자	여자	계	남자	여자	계	남자	여자	계	남자	여자	계	남자	여자	계	남자	여자	계	남자	여자	계	남자	여자	계	남자	여자	계	남자	여자	계	남자	여자	계	남자	여자	계	남자	여자	계	남자	여자	계	남자	여자
2020	합계	합계	394,190	228,386	165,804	172,606	97,303	75,303	40,905	24,244	16,661	41,624	25,004	16,620	57,430	31,621	25,809	3,414	2,442	972	27,084	16,596	10,488	6,415	5,431	984	16,525	8,438	8,087	17,895	10,583	7,312	1,040	682	358	2,125	1,562	563	2,597	1,794	803	378	205	173	2,901	1,796	1,105	1,251	685	566
2020	종로구	소계	6,015	3,488	2,527	2,586	1,388	1,198	582	371	211	729	455	274	927	530	397	45	34	11	394	236	158	102	85	17	258	142	116	256	153	103	9	4	5	30	25	5	48	36	12	7	4	3	31	21	10	11	4	7
2020	종로구	사직동	284	167	117	124	76	48	34	14	20	35	21	14	30	14	16	2	2	0	18	10	8	10	8	2	11	8	3	13	9	4	1	1	0	2	1	1	1	1	0	0	0	0	3	2	1	0	0	0
2020	종로구	삼청동	110	58	52	44	23	21	13	7	6	13	8	5	19	7	12	0	0	0	4	2	2	1	1	0	9	3	6	5	5	0	0	0	0	1	1	0	1	1	0	0	0	0	0	0	0	0	0	0
2020	종로구	부암동	317	181	136	125	64	61	27	16	11	39	22	17	52	32	20	2	2	0	22	14	8	9	8	1	14	9	5	15	8	7	1	1	0	0	0	0	4	2	2	1	0	1	5	3	2	1	0	1
2020	종로구	평창동	538	290	248	214	110	104	57	34	23	72	39	33	87	42	45	3	1	2	36	20	16	12	11	1	19	8	11	26	16	10	0	0	0	2	1	1	5	4	1	1	1	0	4	3	1	0	0	0
2020	종로구	무악동	328	181	147	116	56	60	30	21	9	45	28	17	60	30	30	4	4	0	27	14	13	11	8	3	12	8	4	10	6	4	2	1	1	4	2	2	4	1	3	0	0	0	3	2	1	0	0	0
2020	종로구	교남동	359	194	165	157	80	77	34	18	16	34	19	15	61	30	31	4	1	3	23	15	8	8	8	0	13	8	5	17	9	8	0	0	0	2	2	0	4	3	1	0	0	0	0	0	0	2	1	1
2020	종로구	가회동	177	91	86	75	37	38	22	11	11	14	7	7	27	19	8	1	0	1	19	8	11	4	4	0	6	3	3	9	2	7	0	0	0	0	0	0	0	0	0	0	0	0	0	0	0	0	0	0
2020	종로구	종로1.2.3.4가동	398	299	99	161	111	50	49	41	8	41	31	10	57	44	13	2	2	0	22	19	3	2	2	0	35	27	8	19	13	6	0	0	0	4	4	0	2	2	0	1	1	0	3	2	1	0	0	0
2020	종로구	종로5·6가동	255	164	91	126	78	48	21	16	5	29	22	7	28	18	10	1	0	1	18	13	5	4	3	1	13	5	8	9	7	2	1	0	1	1	1	0	1	0	1	0	0	0	2	1	1	1	0	1
2020	종로구	이화동	328	178	150	153	78	75	34	22	12	36	21	15	52	26	26	1	1	0	21	13	8	3	2	1	10	4	6	14	9	5	1	0	1	0	0	0	3	2	1	0	0	0	0	0	0	0	0	0
2020	종로구	창신1동	316	185	131	152	88	64	30	21	9	29	15	14	52	31	21	2	2	0	20	12	8	1	0	1	12	6	6	9	4	5	0	0	0	3	3	0	1	1	0	0	0	0	3	1	2	2	1	1
2020	종로구	창신2동	486	282	204	226	118	108	44	26	18	71	45	26	61	39	22	5	3	2	28	14	14	2	2	0	31	23	8	9	5	4	0	0	0	1	1	0	4	4	0	1	0	1	1	1	0	2	1	1
2020	종로구	창신3동	340	185	155	172	83	89	29	14	15	30	19	11	45	30	15	6	5	1	18	10	8	4	3	1	12	6	6	15	9	6	2	1	1	1	1	0	4	3	1	0	0	0	2	1	1	0	0	0
2020	종로구	숭인1동	292	158	134	132	65	67	27	19	8	22	13	9	57	32	25	2	2	0	22	13	9	3	2	1	10	1	9	13	8	5	0	0	0	0	0	0	2	1	1	0	0	0	2	2	0	0	0	0
2020	종로구	숭인2동	436	280	156	202	121	81	40	26	14	51	35	16	66	46	20	2	2	0	22	15	7	4	3	1	15	8	7	25	16	9	0	0	0	4	4	0	1	1	0	2	2	0	1	1	0	1	0	1
2020	종로구	청운효자동	461	242	219	162	76	86	37	20	17	104	66	38	78	37	41	4	3	1	33	16	17	7	7	0	8	1	7	20	10	10	0	0	0	2	2	0	4	3	1	1	0	1	1	1	0	0	0	0
2020	종로구	혜화동	590	353	237	245	124	121	54	45	9	64	44	20	95	53	42	4	4	0	41	28	13	17	13	4	28	14	14	28	17	11	1	0	1	3	2	1	7	7	0	0	0	0	1	1	0	2	1	1
2020	중구	소계	5,700	3,282	2,418	2,572	1,391	1,181	565	367	198	723	440	283	842	473	369	34	24	10	296	174	122	76	59	17	218	123	95	224	126	98	14	9	5	31	26	5	39	30	9	5	2	3	40	26	14	21	12	9
2020	중구	소공동	29	20	9	11	8	3	0	0	0	5	3	2	9	6	3	0	0	0	2	2	0	1	1	0	1	0	1	0	0	0	0	0	0	0	0	0	0	0	0	0	0	0	0	0	0	0	0	0
2020	중구	회현동	296	194	102	118	70	48	36	27	9	60	40	20	34	21	13	0	0	0	17	13	4	1	1	0	12	9	3	8	7	1	0	0	0	3	3	0	2	1	1	0	0	0	3	1	2	2	1	1
2020	중구	명동	130	69	61	58	29	29	6	4	2	27	18	9	18	5	13	0	0	0	5	2	3	4	4	0	4	2	2	5	4	1	0	0	0	0	0	0	1	1	0	0	0	0	1	0	1	1	0	1
2020	중구	필동	173	103	70	69	45	24	14	10	4	31	18	13	23	12	11	1	0	1	11	7	4	1	1	0	6	1	5	8	4	4	1	1	0	1	1	0	1	1	0	2	1	1	3	1	2	1	0	1
2020	중구	장충동	198	101	97	83	37	46	29	16	13	23	15	8	33	18	15	4	1	3	11	6	5	1	1	0	5	0	5	4	3	1	0	0	0	3	2	1	1	1	0	0	0	0	1	1	0	0	0	0
2020	중구	광희동	250	151	99	128	77	51	24	18	6	34	20	14	30	13	17	1	0	1	11	7	4	1	1	0	6	3	3	10	9	1	0	0	0	1	0	1	3	2	1	0	0	0	0	0	0	1	1	0
2020	중구	을지로동	87	66	21	48	38	10	7	5	2	11	8	3	13	8	5	0	0	0	0	0	0	0	0	0	3	3	0	3	2	1	0	0	0	0	0	0	1	1	0	0	0	0	1	1	0	0	0	0
2020	중구	신당5동	495	292	203	242	132	110	41	31	10	49	32	17	70	41	29	4	4	0	29	17	12	4	3	1	24	14	10	21	10	11	1	0	1	4	3	1	1	1	0	0	0	0	1	1	0	4	3	1
2020	중구	황학동	499	304	195	232	125	107	65	50	15	51	38	13	65	35	30	2	2	0	22	14	8	9	7	2	15	10	5	22	11	11	1	0	1	3	3	0	4	3	1	0	0	0	8	6	2	0	0	0
2020	중구	중림동	534	321	213	228	136	92	56	31	25	69	36	33	80	52	28	4	2	2	22	12	10	10	8	2	32	21	11	23	16	7	0	0	0	0	0	0	3	2	1	0	0	0	4	3	1	3	2	1
2020	중구	신당동	390	241	149	187	107	80	42	28	14	46	32	14	41	27	14	2	2	0	25	14	11	6	5	1	16	11	5	16	8	8	1	1	0	2	2	0	2	2	0	0	0	0	3	2	1	1	0	1
2020	중구	다산동	653	341	312	294	142	152	48	25	23	87	56	31	117	59	58	4	3	1	28	15	13	9	8	1	25	10	15	25	12	13	4	1	3	3	3	0	5	4	1	0	0	0	3	2	1	1	1	0
2020	중구	약수동	892	474	418	379	191	188	89	54	35	115	56	59	155	84	71	2	1	1	51	26	25	11	10	1	31	17	14	35	17	18	4	4	0	5	4	1	6	5	1	2	1	1	5	3	2	2	1	1
2020	중구	청구동	634	361	273	286	160	126	57	40	17	77	39	38	93	51	42	5	5	0	43	26	17	5	3	2	26	15	11	28	14	14	0	0	0	2	2	0	5	2	3	1	0	1	4	3	1	2	1	1
2020	중구	동화동	440	244	196	209	94	115	51	28	23	38	29	9	61	41	20	5	4	1	19	13	6	13	6	7	12	7	5	16	9	7	2	2	0	4	3	1	4	4	0	0	0	0	3	2	1	3	2	1
2020	용산구	소계	7,960	4,602	3,358	3,441	1,884	1,557	784	470	314	967	592	375	1,160	638	522	71	49	22	536	337	199	121	97	24	292	155	137	355	214	141	22	15	7	47	37	10	70	56	14	6	5	1	65	39	26	23	14	9
2020	용산구	후암동	767	438	329	320	171	149	91	57	34	83	47	36	103	55	48	8	7	1	68	43	25	10	6	4	37	18	19	29	19	10	2	1	1	5	3	2	4	4	0	1	1	0	3	3	0	3	3	0
2020	용산구	용산2가동	468	272	196	201	104	97	43	30	13	54	34	20	75	45	30	4	4	0	40	24	16	3	3	0	20	10	10	17	9	8	1	0	1	3	3	0	4	4	0	0	0	0	3	2	1	0	0	0
2020	용산구	남영동	549	432	117	224	172	52	50	36	14	80	68	12	67	54	13	5	4	1	46	37	9	6	5	1	40	32	8	17	12	5	0	0	0	7	6	1	0	0	0	0	0	0	3	2	1	4	4	0
2020	용산구	원효로2동	469	261	208	191	104	87	51	29	22	61	30	31	78	45	33	4	4	0	28	16	12	3	3	0	15	6	9	20	13	7	1	0	1	4	2	2	6	5	1	0	0	0	7	4	3	0	0	0
2020	용산구	효창동	344	174	170	154	70	84	38	20	18	42	20	22	50	27	23	2	1	1	18	12	6	6	6	0	8	2	6	14	8	6	1	1	0	1	1	0	3	3	0	1	1	0	4	1	3	2	1	1
2020	용산구	용문동	488	262	226	207	106	101	48	29	19	49	30	19	91	42	49	4	3	1	32	17	15	9	6	3	15	8	7	17	9	8	3	3	0	2	1	1	6	5	1	0	0	0	2	1	1	3	2	1
2020	용산구	이촌1동	528	302	226	201	97	104	54	34	20	63	37	26	91	51	40	6	4	2	30	22	8	21	15	6	11	4	7	34	26	8	2	0	2	2	2	0	6	5	1	1	1	0	6	4	2	0	0	0
2020	용산구	이촌2동	370	203	167	170	94	76	32	15	17	36	18	18	55	24	31	7	6	1	22	15	7	4	3	1	14	10	4	18	10	8	0	0	0	2	1	1	5	4	1	0	0	0	3	2	1	2	1	1
2020	용산구	이태원1동	231	125	106	98	50	48	27	13	14	20	14	6	35	23	12	1	1	0	15	10	5	5	3	2	10	4	6	12	2	10	0	0	0	1	1	0	1	1	0	0	0	0	4	2	2	2	1	1
2020	용산구	이태원2동	326	185	141	150	78	72	25	18	7	44	23	21	43	23	20	1	0	1	24	12	12	3	2	1	8	4	4	16	13	3	3	3	0	4	4	0	3	3	0	0	0	0	1	1	0	1	1	0
2020	용산구	서빙고동	380	209	171	158	83	75	37	21	16	37	22	15	64	36	28	3	0	3	31	15	16	10	10	0	6	2	4	21	12	9	3	2	1	1	1	0	1	1	0	0	0	0	5	3	2	3	1	2
2020	용산구	보광동	594	325	269	264	136	128	46	22	24	88	52	36	74	37	37	4	3	1	30	18	12	2	2	0	23	12	11	36	21	15	2	2	0	5	4	1	10	9	1	1	1	0	9	6	3	0	0	0
2020	용산구	청파동	828	475	353	359	201	158	82	49	33	109	68	41	120	54	66	5	4	1	62	38	24	9	9	0	36	22	14	35	22	13	0	0	0	2	2	0	5	3	2	1	1	0	2	2	0	1	0	1
2020	용산구	원효로1동	471	268	203	197	106	91	49	32	17	61	36	25	64	38	26	8	4	4	29	18	11	12	8	4	15	4	11	20	10	10	1	1	0	4	3	1	5	5	0	0	0	0	6	3	3	0	0	0
2020	용산구	한강로동	525	322	203	246	149	97	49	27	22	70	47	23	72	45	27	4	2	2	25	15	10	12	11	1	17	8	9	20	13	7	2	1	1	1	1	0	3	1	2	0	0	0	3	2	1	1	0	1
2020	용산구	한남동	622	349	273	301	163	138	62	38	24	70	46	24	78	39	39	5	2	3	36	25	11	6	5	1	17	9	8	29	15	14	1	1	0	3	2	1	8	3	5	1	0	1	4	1	3	1	0	1
2020	성동구	소계	11,412	6,564	4,848	5,212	2,899	2,313	1,178	724	454	1,171	675	496	1,625	870	755	106	77	29	700	436	264	180	153	27	423	225	198	475	281	194	35	23	12	86	65	21	79	53	26	12	8	4	88	50	38	42	25	17
2020	성동구	왕십리2동	663	355	308	288	137	151	67	41	26	64	37	27	100	55	45	14	11	3	40	22	18	17	15	2	17	7	10	31	13	18	3	2	1	9	6	3	3	3	0	2	1	1	5	4	1	3	1	2
2020	성동구	마장동	1,071	640	431	523	305	218	104	66	38	98	62	36	138	75	63	8	6	2	71	43	28	27	25	2	40	19	21	37	21	16	3	3	0	0	0	0	7	6	1	3	2	1	6	3	3	6	4	2
2020	성동구	사근동	383	200	183	200	98	102	41	25	16	36	27	9	45	16	29	6	6	0	17	7	10	2	1	1	11	4	7	16	11	5	0	0	0	3	3	0	3	1	2	0	0	0	2	0	2	1	1	0
2020	성동구	행당1동	517	297	220	225	118	107	52	33	19	50	28	22	88	50	38	3	1	2	25	17	8	10	10	0	11	3	8	29	20	9	2	2	0	9	7	2	6	4	2	1	1	0	5	2	3	1	1	0
2020	성동구	행당2동	906	508	398	395	210	185	95	64	31	102	48	54	125	68	57	14	10	4	51	32	19	13	10	3	37	16	21	39	25	14	7	5	2	9	8	1	5	2	3	1	1	0	7	6	1	6	3	3
2020	성동구	응봉동	546	300	246	225	114	111	57	33	24	60	31	29	101	50	51	7	5	2	32	24	8	10	9	1	16	9	7	23	15	8	2	0	2	4	4	0	2	1	1	0	0	0	6	4	2	1	1	0
2020	성동구	금호1가동	670	368	302	305	164	141	80	47	33	73	41	32	83	41	42	3	1	2	44	27	17	5	4	1	23	12	11	31	18	13	3	3	0	5	2	3	4	3	1	0	0	0	9	4	5	2	1	1
2020	성동구	금호4가동	529	304	225	232	121	111	58	37	21	55	33	22	76	41	35	5	3	2	34	24	10	11	11	0	19	8	11	24	18	6	3	1	2	5	3	2	1	0	1	2	1	1	0	0	0	4	3	1
2020	성동구	성수1가1동	585	346	239	256	156	100	54	33	21	70	41	29	89	44	45	3	3	0	41	28	13	6	5	1	19	13	6	26	13	13	3	1	2	7	4	3	6	4	2	0	0	0	2	1	1	3	0	3
2020	성동구	성수1가2동	487	269	218	231	133	98	48	24	24	41	25	16	79	41	38	5	2	3	29	16	13	5	2	3	13	6	7	20	9	11	0	0	0	4	3	1	3	3	0	0	0	0	9	5	4	0	0	0
2020	성동구	성수2가1동	807	499	308	401	255	146	64	42	22	75	46	29	114	55	59	5	3	2	50	36	14	12	9	3	32	16	16	28	14	14	2	2	0	5	5	0	8	7	1	1	1	0	9	8	1	1	0	1
2020	성동구	성수2가3동	426	264	162	189	110	79	44	34	10	49	32	17	57	30	27	8	5	3	30	17	13	10	10	0	11	7	4	16	11	5	2	1	1	3	3	0	4	3	1	0	0	0	3	1	2	0	0	0
2020	성동구	송정동	522	311	211	241	137	104	50	30	20	53	30	23	70	48	22	2	2	0	40	23	17	7	6	1	18	8	10	28	20	8	1	0	1	4	4	0	2	1	1	0	0	0	3	1	2	3	1	2
2020	성동구	용답동	647	419	228	296	179	117	63	40	23	65	43	22	84	55	29	5	4	1	33	23	10	4	3	1	55	46	9	26	13	13	1	1	0	3	2	1	5	4	1	0	0	0	5	4	1	2	2	0
2020	성동구	왕십리도선동	992	573	419	422	232	190	127	76	51	120	73	47	136	78	58	11	9	2	66	39	27	18	15	3	43	20	23	29	18	11	2	1	1	4	4	0	3	2	1	1	0	1	5	2	3	5	4	1
2020	성동구	금호2.3가동	939	512	427	463	243	220	90	54	36	84	39	45	137	76	61	3	2	1	58	37	21	9	7	2	27	14	13	40	26	14	0	0	0	8	6	2	10	4	6	1	1	0	7	2	5	2	1	1
2020	성동구	옥수동	722	399	323	320	187	133	84	45	39	76	39	37	103	47	56	4	4	0	39	21	18	14	11	3	31	17	14	32	16	16	1	1	0	4	1	3	7	5	2	0	0	0	5	3	2	2	2	0
2020	광진구	소계	12,353	7,194	5,159	5,593	3,163	2,430	1,221	707	514	1,316	810	506	1,702	971	731	92	68	24	812	478	334	174	146	28	513	264	249	600	347	253	37	27	10	65	51	14	69	52	17	8	4	4	109	81	28	42	25	17
2020	광진구	화양동	541	312	229	247	129	118	55	25	30	69	45	24	76	52	24	3	1	2	29	17	12	5	5	0	17	10	7	24	17	7	1	1	0	4	4	0	2	0	2	0	0	0	9	6	3	0	0	0
2020	광진구	군자동	795	458	337	367	202	165	74	46	28	83	49	34	104	59	45	8	6	2	56	29	27	5	4	1	39	24	15	44	27	17	0	0	0	4	4	0	5	4	1	0	0	0	3	2	1	3	2	1
2020	광진구	중곡1동	674	394	280	303	169	134	58	32	26	65	40	25	96	58	38	10	6	4	39	22	17	9	8	1	43	28	15	33	19	14	4	3	1	6	5	1	3	1	2	1	0	1	2	2	0	2	1	1
2020	광진구	중곡2동	872	510	362	400	226	174	87	47	40	81	46	35	139	92	47	3	0	3	47	26	21	12	10	2	44	24	20	37	21	16	1	0	1	6	6	0	4	3	1	0	0	0	9	8	1	2	1	1
2020	광진구	중곡3동	754	467	287	351	202	149	57	38	19	81	57	24	93	57	36	9	7	2	53	32	21	8	8	0	38	21	17	42	27	15	7	5	2	3	3	0	6	6	0	1	1	0	3	2	1	2	1	1
2020	광진구	중곡4동	1,328	761	567	610	347	263	126	80	46	137	83	54	178	97	81	10	7	3	88	49	39	17	16	1	77	34	43	52	25	27	4	4	0	5	2	3	7	7	0	1	0	1	11	7	4	5	3	2
2020	광진구	능동	382	227	155	174	98	76	42	25	17	46	30	16	48	27	21	1	1	0	27	18	9	4	1	3	17	14	3	15	8	7	0	0	0	2	1	1	1	1	0	0	0	0	4	2	2	1	1	0
2020	광진구	구의1동	814	476	338	357	208	149	87	50	37	102	63	39	103	57	46	6	4	2	51	34	17	8	6	2	34	18	16	46	24	22	2	1	1	3	2	1	2	1	1	1	1	0	7	4	3	5	3	2
2020	광진구	구의2동	1,091	644	447	496	289	207	107	64	43	121	80	41	147	83	64	6	5	1	80	40	40	15	14	1	37	15	22	49	28	21	7	6	1	3	3	0	8	6	2	1	1	0	7	5	2	7	5	2
2020	광진구	구의3동	802	437	365	350	191	159	91	50	41	78	38	40	114	58	56	7	5	2	65	40	25	21	16	5	17	8	9	38	16	22	1	1	0	3	3	0	6	4	2	2	1	1	8	5	3	1	1	0
2020	광진구	광장동	725	434	291	304	172	132	86	50	36	86	62	24	92	49	43	6	6	0	55	38	17	20	17	3	20	7	13	31	15	16	2	1	1	4	3	1	9	7	2	0	0	0	9	7	2	1	0	1
2020	광진구	자양1동	947	536	411	427	238	189	83	47	36	112	66	46	128	69	59	8	7	1	57	32	25	10	9	1	30	12	18	62	36	26	4	1	3	6	3	3	3	3	0	1	0	1	9	8	1	7	5	2
2020	광진구	자양2동	945	557	388	425	256	169	104	65	39	90	51	39	136	72	64	3	3	0	72	40	32	15	13	2	41	21	20	31	20	11	1	1	0	9	5	4	5	3	2	0	0	0	9	6	3	4	1	3
2020	광진구	자양3동	809	468	341	347	198	149	87	48	39	81	44	37	134	64	70	8	6	2	45	32	13	22	17	5	18	7	11	50	37	13	2	2	0	4	4	0	5	3	2	0	0	0	6	6	0	0	0	0
2020	광진구	자양4동	874	513	361	435	238	197	77	40	37	84	56	28	114	77	37	4	4	0	48	29	19	3	2	1	41	21	20	46	27	19	1	1	0	3	3	0	3	3	0	0	0	0	13	11	2	2	1	1
2020	동대문구	소계	15,701	9,106	6,595	7,264	4,044	3,220	1,631	976	655	1,551	984	567	2,366	1,313	1,053	140	104	36	897	569	328	159	135	24	638	325	313	660	399	261	36	25	11	83	67	16	100	59	41	19	9	10	110	70	40	47	27	20
2020	동대문구	회기동	330	185	145	133	67	66	45	30	15	30	20	10	50	28	22	1	1	0	20	8	12	7	6	1	13	5	8	18	10	8	0	0	0	6	4	2	1	1	0	0	0	0	5	5	0	1	0	1
2020	동대문구	휘경1동	526	300	226	256	145	111	53	28	25	58	38	20	64	34	30	10	6	4	25	15	10	7	6	1	18	10	8	19	10	9	1	0	1	3	3	0	4	2	2	1	0	1	6	3	3	1	0	1
2020	동대문구	휘경2동	891	504	387	414	218	196	105	60	45	92	60	32	119	66	53	7	4	3	54	34	20	11	8	3	26	14	12	42	23	19	3	2	1	6	6	0	4	3	1	1	1	0	3	2	1	4	3	1
2020	동대문구	청량리동	1,268	727	541	601	324	277	118	75	43	131	82	49	196	104	92	8	6	2	66	45	21	9	6	3	59	31	28	52	35	17	2	1	1	5	5	0	8	4	4	3	1	2	7	5	2	3	3	0
2020	동대문구	용신동	1,466	873	593	688	393	295	142	94	48	136	91	45	241	135	106	12	8	4	70	50	20	9	8	1	66	32	34	68	42	26	2	2	0	6	5	1	11	6	5	1	1	0	10	4	6	4	2	2
2020	동대문구	제기동	1,391	792	599	634	332	302	146	92	54	153	98	55	229	130	99	12	10	2	73	45	28	8	7	1	49	20	29	56	39	17	5	3	2	3	2	1	5	3	2	1	0	1	9	5	4	8	6	2
2020	동대문구	전농1동	1,526	899	627	699	397	302	151	88	63	153	98	55	252	141	111	9	7	2	93	61	32	13	11	2	58	33	25	55	35	20	4	3	1	4	3	1	11	5	6	1	1	0	17	12	5	6	4	2
2020	동대문구	전농2동	926	522	404	430	239	191	97	55	42	85	52	33	145	77	68	11	10	1	57	34	23	7	7	0	34	15	19	42	24	18	1	0	1	6	4	2	3	1	2	1	0	1	4	3	1	3	1	2
2020	동대문구	답십리2동	1,444	832	612	659	359	300	142	89	53	157	93	64	220	131	89	13	9	4	76	45	31	17	15	2	59	30	29	58	33	25	4	2	2	14	10	4	10	7	3	1	1	0	13	8	5	1	0	1
2020	동대문구	장안1동	1,716	1,014	702	814	478	336	176	98	78	156	97	59	229	127	102	17	12	5	107	64	43	20	18	2	90	49	41	73	48	25	4	3	1	9	8	1	11	7	4	0	0	0	5	3	2	5	2	3
2020	동대문구	장안2동	1,332	783	549	614	350	264	149	96	53	121	76	45	182	96	86	13	10	3	86	52	34	16	13	3	52	27	25	60	36	24	1	1	0	10	10	0	11	6	5	2	1	1	13	7	6	2	2	0
2020	동대문구	이문1동	809	490	319	367	210	157	89	58	31	75	48	27	113	65	48	12	9	3	52	38	14	6	6	0	32	16	16	37	22	15	3	3	0	6	4	2	3	2	1	2	0	2	9	6	3	3	3	0
2020	동대문구	이문2동	995	567	428	484	267	217	99	51	48	95	59	36	155	82	73	7	6	1	56	37	19	13	10	3	34	18	16	32	20	12	2	2	0	0	0	0	9	8	1	2	2	0	5	5	0	2	0	2
2020	동대문구	답십리1동	1,081	618	463	471	265	206	119	62	57	109	72	37	171	97	74	8	6	2	62	41	21	16	14	2	48	25	23	48	22	26	4	3	1	5	3	2	9	4	5	3	1	2	4	2	2	4	1	3
2020	중랑구	소계	20,394	11,830	8,564	9,642	5,463	4,179	2,119	1,254	865	2,052	1,225	827	2,541	1,442	1,099	176	129	47	1,305	815	490	237	197	40	857	442	415	925	526	399	52	35	17	131	99	32	100	59	41	16	6	10	166	106	60	75	32	43
2020	중랑구	면목2동	1,266	739	527	638	363	275	109	72	37	130	79	51	156	87	69	9	6	3	83	55	28	12	10	2	44	20	24	64	38	26	2	1	1	8	4	4	5	2	3	0	0	0	5	2	3	1	0	1
2020	중랑구	면목4동	1,262	744	518	574	339	235	117	71	46	112	66	46	169	94	75	9	5	4	84	49	35	17	16	1	87	47	40	54	31	23	5	3	2	9	7	2	8	5	3	2	1	1	9	6	3	6	4	2
2020	중랑구	면목5동	623	404	219	277	174	103	60	36	24	63	44	19	87	54	33	9	8	1	37	26	11	8	6	2	30	18	12	30	19	11	0	0	0	5	5	0	3	3	0	1	1	0	11	9	2	2	1	1
2020	중랑구	면목7동	1,042	607	435	505	288	217	96	52	44	114	64	50	142	93	49	12	11	1	61	35	26	12	12	0	39	20	19	36	19	17	2	1	1	3	2	1	6	3	3	0	0	0	11	7	4	3	0	3
2020	중랑구	상봉1동	1,400	811	589	622	367	255	148	85	63	140	81	59	162	80	82	10	7	3	114	61	53	18	18	0	73	43	30	73	44	29	5	2	3	17	13	4	3	2	1	0	0	0	9	6	3	6	2	4
2020	중랑구	상봉2동	835	475	360	384	204	180	90	56	34	110	68	42	108	58	50	8	5	3	38	24	14	9	6	3	26	17	9	39	25	14	1	1	0	8	6	2	4	2	2	0	0	0	7	3	4	3	0	3
2020	중랑구	중화1동	889	540	349	417	239	178	83	52	31	84	55	29	132	78	54	6	5	1	63	42	21	12	10	2	27	17	10	45	28	17	6	3	3	6	3	3	1	1	0	0	0	0	4	4	0	3	3	0
2020	중랑구	중화2동	1,522	891	631	734	416	318	151	97	54	154	84	70	183	114	69	11	8	3	90	53	37	18	13	5	66	37	29	78	45	33	4	4	0	5	4	1	5	4	1	2	0	2	19	10	9	2	2	0
2020	중랑구	묵1동	1,486	865	621	695	394	301	149	97	52	158	91	67	214	125	89	11	8	3	96	61	35	18	14	4	52	24	28	55	29	26	3	2	1	3	2	1	10	5	5	0	0	0	15	9	6	7	4	3
2020	중랑구	묵2동	915	526	389	425	250	175	98	54	44	89	56	33	118	57	61	6	5	1	62	39	23	14	13	1	34	14	20	44	22	22	2	1	1	5	4	1	7	5	2	1	0	1	5	4	1	5	2	3
2020	중랑구	망우3동	965	562	403	464	278	186	96	63	33	102	67	35	117	59	58	8	7	1	64	33	31	10	7	3	40	17	23	37	20	17	2	2	0	4	3	1	6	2	4	2	0	2	9	4	5	4	0	4
2020	중랑구	신내1동	1,923	1,034	889	901	456	445	251	133	118	174	91	83	238	133	105	14	10	4	129	88	41	20	17	3	53	21	32	94	52	42	1	0	1	14	13	1	13	7	6	2	1	1	12	9	3	7	3	4
2020	중랑구	신내2동	1,458	810	648	667	360	307	165	90	75	122	62	60	159	88	71	13	5	8	109	81	28	21	17	4	91	43	48	69	40	29	3	3	0	14	10	4	9	5	4	2	0	2	8	5	3	6	1	5
2020	중랑구	면목본동	1,750	1,023	727	890	510	380	181	105	76	178	114	64	182	103	79	19	15	4	106	70	36	15	13	2	73	32	41	64	33	31	2	2	0	11	8	3	4	3	1	1	1	0	18	10	8	6	4	2
2020	중랑구	면목3.8동	1,319	780	539	626	358	268	128	85	43	151	88	63	162	98	64	17	14	3	66	39	27	14	10	4	52	30	22	70	38	32	5	3	2	10	7	3	2	2	0	2	1	1	8	7	1	6	0	6
2020	중랑구	망우본동	1,739	1,019	720	823	467	356	197	106	91	171	115	56	212	121	91	14	10	4	103	59	44	19	15	4	70	42	28	73	43	30	9	7	2	9	8	1	14	8	6	1	1	0	16	11	5	8	6	2
2020	성북구	소계	17,490	9,989	7,501	7,851	4,323	3,528	1,801	1,054	747	1,935	1,148	787	2,545	1,412	1,133	160	118	42	1,087	673	414	220	188	32	647	334	313	787	447	340	36	27	9	90	65	25	141	92	49	17	9	8	120	72	48	53	27	26
2020	성북구	돈암1동	622	331	291	282	127	155	61	41	20	74	42	32	107	65	42	1	1	0	25	15	10	10	8	2	17	8	9	26	11	15	0	0	0	3	1	2	9	7	2	0	0	0	6	5	1	1	0	1
2020	성북구	돈암2동	689	386	303	286	150	136	77	39	38	74	47	27	112	61	51	6	5	1	33	19	14	16	16	0	22	13	9	39	20	19	3	2	1	4	3	1	7	5	2	0	0	0	8	5	3	2	1	1
2020	성북구	안암동	579	348	231	237	133	104	71	48	23	61	36	25	65	34	31	7	6	1	69	46	23	11	10	1	19	9	10	25	15	10	1	1	0	4	3	1	2	2	0	2	1	1	3	2	1	2	2	0
2020	성북구	보문동	602	336	266	276	138	138	64	39	25	70	44	26	78	46	32	7	6	1	27	18	9	6	5	1	23	12	11	33	15	18	2	1	1	4	3	1	3	3	0	0	0	0	6	4	2	3	2	1
2020	성북구	정릉1동	680	373	307	311	168	143	60	35	25	82	43	39	109	53	56	7	5	2	38	28	10	11	10	1	22	8	14	24	12	12	1	1	0	1	0	1	9	7	2	0	0	0	5	3	2	0	0	0
2020	성북구	정릉2동	975	568	407	420	239	181	107	60	47	103	62	41	140	82	58	9	8	1	65	36	29	13	11	2	39	22	17	49	31	18	3	3	0	7	4	3	7	4	3	1	1	0	7	3	4	5	2	3
2020	성북구	정릉3동	734	426	308	340	177	163	79	46	33	74	50	24	105	58	47	1	1	0	47	35	12	9	6	3	27	19	8	38	23	15	1	1	0	5	5	0	4	3	1	0	0	0	2	1	1	2	1	1
2020	성북구	정릉4동	1,044	598	446	485	261	224	114	75	39	112	66	46	139	84	55	11	8	3	60	33	27	10	8	2	41	23	18	42	22	20	1	1	0	5	3	2	11	7	4	2	1	1	7	3	4	4	3	1
2020	성북구	길음1동	1,036	580	456	441	231	210	105	56	49	117	65	52	165	99	66	13	7	6	72	51	21	19	16	3	29	14	15	50	23	27	1	1	0	4	3	1	13	10	3	0	0	0	4	3	1	3	1	2
2020	성북구	길음2동	605	343	262	286	155	131	63	37	26	53	27	26	94	53	41	5	5	0	34	25	9	7	6	1	16	6	10	31	20	11	0	0	0	2	1	1	6	5	1	1	1	0	5	2	3	2	0	2
2020	성북구	월곡1동	1,178	672	506	520	279	241	128	74	54	123	69	54	170	105	65	13	10	3	81	53	28	15	14	1	52	25	27	48	30	18	0	0	0	4	3	1	13	7	6	4	2	2	4	1	3	3	0	3
2020	성북구	월곡2동	903	522	381	459	265	194	97	51	46	89	57	32	116	69	47	4	2	2	43	27	16	4	1	3	32	13	19	40	23	17	1	1	0	3	3	0	5	3	2	1	1	0	6	4	2	3	2	1
2020	성북구	장위1동	1,089	603	486	470	262	208	102	60	42	122	72	50	153	77	76	12	10	2	88	48	40	7	6	1	55	21	34	49	29	20	4	4	0	6	4	2	10	5	5	1	0	1	6	3	3	4	2	2
2020	성북구	장위2동	719	411	308	322	183	139	69	40	29	66	43	23	105	47	58	9	7	2	57	38	19	6	5	1	38	23	15	29	16	13	3	2	1	1	0	1	4	1	3	1	0	1	9	6	3	0	0	0
2020	성북구	장위3동	674	417	257	319	190	129	70	39	31	83	58	25	81	55	26	7	4	3	42	21	21	7	5	2	18	12	6	29	20	9	0	0	0	2	2	0	5	3	2	0	0	0	7	5	2	4	3	1
2020	성북구	성북동	575	336	239	225	125	100	60	28	32	74	52	22	96	54	42	6	6	0	44	25	19	14	10	4	14	9	5	24	14	10	0	0	0	5	4	1	7	5	2	0	0	0	3	1	2	3	3	0
2020	성북구	삼선동	860	488	372	378	212	166	101	64	37	92	45	47	118	57	61	7	5	2	48	29	19	14	13	1	44	27	17	37	21	16	2	1	1	9	7	2	3	3	0	1	1	0	4	2	2	2	1	1
2020	성북구	동선동	560	321	239	231	128	103	49	31	18	97	54	43	82	44	38	3	2	1	30	23	7	6	6	0	24	9	15	23	14	9	2	1	1	4	3	1	3	1	2	2	1	1	4	4	0	0	0	0
2020	성북구	종암동	1,595	908	687	725	418	307	165	95	70	153	86	67	264	131	133	16	11	5	87	51	36	26	23	3	53	30	23	71	44	27	8	5	3	4	3	1	8	4	4	1	0	1	8	4	4	6	3	3
2020	성북구	석관동	1,771	1,022	749	838	482	356	159	96	63	216	130	86	246	138	108	16	9	7	97	52	45	9	9	0	62	31	31	80	44	36	3	2	1	13	10	3	12	7	5	0	0	0	16	11	5	4	1	3
2020	강북구	소계	17,441	9,919	7,522	7,690	4,272	3,418	1,745	1,054	691	1,940	1,076	864	2,664	1,488	1,176	145	100	45	1,225	712	513	163	143	20	740	373	367	728	430	298	35	22	13	101	78	23	85	55	30	6	2	4	125	83	42	49	31	18
2020	강북구	번1동	995	617	378	468	285	183	93	61	32	113	67	46	161	106	55	5	4	1	52	30	22	3	3	0	39	20	19	42	26	16	1	1	0	8	7	1	3	3	0	0	0	0	6	3	3	1	1	0
2020	강북구	번2동	1,354	743	611	572	315	257	137	87	50	137	75	62	202	99	103	15	10	5	106	57	49	13	11	2	72	35	37	55	28	27	5	2	3	14	12	2	6	3	3	1	0	1	13	7	6	6	2	4
2020	강북구	번3동	2,029	1,114	915	888	469	419	223	132	91	188	110	78	271	144	127	14	8	6	151	78	73	8	7	1	141	74	67	90	58	32	7	4	3	24	16	8	8	3	5	0	0	0	7	6	1	9	5	4
2020	강북구	수유1동	1,296	757	539	509	279	230	143	85	58	188	111	77	187	117	70	9	6	3	128	83	45	10	7	3	44	22	22	53	31	22	1	1	0	9	7	2	3	1	2	0	0	0	10	6	4	2	1	1
2020	강북구	수유2동	1,101	609	492	465	238	227	112	75	37	136	66	70	164	92	72	6	5	1	77	46	31	19	19	0	44	15	29	53	35	18	4	2	2	5	4	1	6	4	2	0	0	0	8	6	2	2	2	0
2020	강북구	수유3동	1,110	624	486	506	285	221	101	60	41	124	64	60	161	85	76	9	5	4	71	39	32	16	14	2	53	26	27	51	33	18	1	1	0	3	3	0	2	1	1	0	0	0	6	3	3	6	5	1
2020	강북구	삼양동	1,376	818	558	612	351	261	121	75	46	172	106	66	212	123	89	16	10	6	107	66	41	15	12	3	43	26	17	43	26	17	1	0	1	5	3	2	16	11	5	0	0	0	7	6	1	6	3	3
2020	강북구	미아동	1,175	683	492	513	289	224	113	61	52	123	71	52	222	132	90	9	4	5	60	41	19	8	8	0	44	27	17	53	32	21	3	2	1	4	3	1	6	5	1	2	1	1	12	6	6	3	1	2
2020	강북구	송중동	1,433	835	598	675	370	305	118	75	43	163	86	77	232	149	83	15	13	2	89	51	38	12	11	1	52	30	22	57	38	19	2	2	0	3	0	3	4	2	2	0	0	0	9	6	3	2	2	0
2020	강북구	송천동	1,541	887	654	677	397	280	148	90	58	169	98	71	266	142	124	14	11	3	96	55	41	10	9	1	61	29	32	69	33	36	3	3	0	5	4	1	5	3	2	1	0	1	13	9	4	4	4	0
2020	강북구	삼각산동	1,246	681	565	572	307	265	122	72	50	135	72	63	181	90	91	10	7	3	77	46	31	23	19	4	44	18	26	46	25	21	1	1	0	9	7	2	12	7	5	1	0	1	9	7	2	4	3	1
2020	강북구	우이동	994	556	438	458	246	212	120	63	57	96	55	41	126	68	58	8	4	4	69	40	29	8	8	0	39	23	16	42	26	16	4	1	3	6	6	0	8	7	1	0	0	0	9	8	1	1	1	0
2020	강북구	인수동	1,791	995	796	775	441	334	194	118	76	196	95	101	279	141	138	15	13	2	142	80	62	18	15	3	64	28	36	74	39	35	2	2	0	6	6	0	6	5	1	1	1	0	16	10	6	3	1	2
2020	도봉구	소계	15,436	8,982	6,454	6,718	3,796	2,922	1,672	976	696	1,635	1,004	631	2,264	1,259	1,005	119	81	38	1,117	704	413	179	151	28	647	355	292	696	406	290	38	28	10	66	48	18	94	56	38	17	10	7	131	79	52	43	29	14
2020	도봉구	쌍문1동	1,123	634	489	479	258	221	112	64	48	134	87	47	154	84	70	13	4	9	83	49	34	13	12	1	46	25	21	53	26	27	5	4	1	6	5	1	10	5	5	1	0	1	12	9	3	2	2	0
2020	도봉구	쌍문2동	949	567	382	403	244	159	103	54	49	111	65	46	140	80	60	4	3	1	70	51	19	16	14	2	37	23	14	39	17	22	4	4	0	6	4	2	3	2	1	1	0	1	8	4	4	4	2	2
2020	도봉구	쌍문3동	828	455	373	359	184	175	68	39	29	97	62	35	134	75	59	7	6	1	64	29	35	9	8	1	35	16	19	36	24	12	2	2	0	4	3	1	6	4	2	1	0	1	5	3	2	1	0	1
2020	도봉구	쌍문4동	688	380	308	310	156	154	55	34	21	69	41	28	102	53	49	4	2	2	57	33	24	14	13	1	16	5	11	41	28	13	0	0	0	1	0	1	8	8	0	0	0	0	8	4	4	3	3	0
2020	도봉구	방학1동	1,502	920	582	663	400	263	172	108	64	143	89	54	231	138	93	8	6	2	101	59	42	18	16	2	56	32	24	71	45	26	3	3	0	9	7	2	7	4	3	0	0	0	14	8	6	6	5	1
2020	도봉구	방학2동	1,234	734	500	532	326	206	120	77	43	133	85	48	155	88	67	16	11	5	104	59	45	9	6	3	73	29	44	55	31	24	1	0	1	6	5	1	7	2	5	4	3	1	11	7	4	8	5	3
2020	도봉구	방학3동	1,040	604	436	464	251	213	155	92	63	90	62	28	150	78	72	12	7	5	67	52	15	10	10	0	31	16	15	43	23	20	0	0	0	5	4	1	9	7	2	0	0	0	1	1	0	3	1	2
2020	도봉구	창1동	1,013	576	437	433	234	199	115	64	51	106	64	42	167	89	78	3	2	1	57	40	17	14	11	3	46	30	16	50	29	21	4	3	1	2	0	2	5	2	3	1	1	0	9	6	3	1	1	0
2020	도봉구	창2동	1,329	776	553	591	333	258	140	95	45	151	85	66	199	107	92	10	9	1	87	49	38	8	6	2	52	34	18	60	37	23	3	2	1	4	4	0	8	4	4	1	1	0	10	7	3	5	3	2
2020	도봉구	창3동	784	475	309	357	205	152	92	49	43	83	57	26	94	58	36	7	5	2	62	44	18	12	10	2	31	18	13	32	21	11	3	2	1	2	1	1	2	0	2	1	0	1	5	4	1	1	1	0
2020	도봉구	창4동	1,001	549	452	423	232	191	115	58	57	108	59	49	154	83	71	7	6	1	67	43	24	13	11	2	34	20	14	52	27	25	0	0	0	6	2	4	7	3	4	2	1	1	11	3	8	2	1	1
2020	도봉구	창5동	997	584	413	411	231	180	123	70	53	112	66	46	159	87	72	6	4	2	66	43	23	14	13	1	44	27	17	34	21	13	3	3	0	4	4	0	7	6	1	2	2	0	9	5	4	3	2	1
2020	도봉구	도봉1동	1,481	873	608	617	353	264	145	86	59	144	89	55	213	128	85	11	7	4	143	93	50	15	10	5	98	55	43	65	36	29	6	4	2	4	2	2	5	2	3	2	1	1	12	6	6	1	1	0
2020	도봉구	도봉2동	1,467	855	612	676	389	287	157	86	71	154	93	61	212	111	101	11	9	2	89	60	29	14	11	3	48	25	23	65	41	24	4	1	3	7	7	0	10	7	3	1	1	0	16	12	4	3	2	1
2020	노원구	소계	27,312	15,038	12,274	11,819	6,397	5,422	2,911	1,640	1,271	2,775	1,547	1,228	3,588	1,838	1,750	248	168	80	2,296	1,359	937	386	317	69	1,496	707	789	1,105	644	461	93	62	31	151	102	49	111	79	32	32	17	15	187	107	80	114	54	60
2020	노원구	월계1동	1,026	588	438	466	244	222	99	62	37	98	48	50	159	99	60	10	7	3	71	49	22	15	14	1	33	14	19	46	30	16	4	2	2	2	2	0	5	5	0	1	1	0	12	8	4	5	3	2
2020	노원구	월계2동	2,298	1,284	1,014	986	550	436	232	133	99	204	117	87	298	151	147	17	11	6	189	115	74	31	22	9	196	102	94	86	46	40	7	4	3	18	15	3	5	4	1	3	1	2	17	9	8	9	4	5
2020	노원구	월계3동	1,962	1,061	901	861	459	402	195	110	85	209	118	91	264	129	135	24	16	8	146	98	48	15	14	1	113	46	67	79	44	35	4	1	3	14	5	9	10	7	3	1	1	0	16	10	6	11	3	8
2020	노원구	공릉2동	1,353	755	598	615	338	277	159	91	68	146	81	65	167	85	82	11	7	4	92	56	36	21	18	3	48	19	29	61	43	18	4	2	2	5	1	4	5	3	2	3	2	1	12	8	4	4	1	3
2020	노원구	하계1동	2,126	1,132	994	847	439	408	206	108	98	193	115	78	266	119	147	16	11	5	285	166	119	33	26	7	171	84	87	71	41	30	4	3	1	17	10	7	1	1	0	4	3	1	5	2	3	7	4	3
2020	노원구	하계2동	993	528	465	409	213	196	113	59	54	109	56	53	133	57	76	13	11	2	80	44	36	20	16	4	40	22	18	58	37	21	0	0	0	6	3	3	4	3	1	0	0	0	5	5	0	3	2	1
2020	노원구	중계본동	810	450	360	369	205	164	94	53	41	59	33	26	97	48	49	7	5	2	88	44	44	19	15	4	20	12	8	33	16	17	2	2	0	5	3	2	9	9	0	1	0	1	4	4	0	3	1	2
2020	노원구	중계1동	729	400	329	349	183	166	69	45	24	69	40	29	94	46	48	7	3	4	45	26	19	24	19	5	23	9	14	30	17	13	4	2	2	6	5	1	6	4	2	1	1	0	1	0	1	1	0	1
2020	노원구	중계4동	1,529	833	696	620	337	283	167	110	57	155	73	82	216	106	110	13	7	6	121	67	54	15	14	1	133	69	64	57	36	21	3	1	2	10	7	3	3	1	2	1	0	1	6	2	4	9	3	6
2020	노원구	상계1동	1,906	1,064	842	796	445	351	202	114	88	241	145	96	234	122	112	16	13	3	191	90	101	30	24	6	65	28	37	82	50	32	4	3	1	8	7	1	17	12	5	1	1	0	15	7	8	4	3	1
2020	노원구	상계2동	891	515	376	372	217	155	102	53	49	89	51	38	123	69	54	11	8	3	83	57	26	12	11	1	44	21	23	34	15	19	5	4	1	2	2	0	3	3	0	0	0	0	8	3	5	3	1	2
2020	노원구	상계5동	1,312	753	559	560	300	260	141	83	58	141	91	50	177	100	77	12	6	6	109	74	35	15	11	4	72	33	39	48	31	17	7	5	2	7	6	1	9	7	2	0	0	0	8	2	6	6	4	2
2020	노원구	상계8동	711	375	336	319	166	153	75	35	40	95	53	42	97	53	44	5	4	1	37	25	12	14	9	5	35	13	22	23	11	12	2	1	1	1	0	1	1	0	1	1	0	1	3	2	1	3	3	0
2020	노원구	상계9동	760	425	335	317	170	147	93	49	44	75	44	31	117	69	48	3	1	2	55	38	17	15	13	2	26	8	18	35	19	16	5	5	0	2	1	1	5	1	4	3	2	1	7	5	2	2	0	2
2020	노원구	상계10동	538	296	242	213	112	101	59	33	26	48	25	23	84	43	41	9	6	3	45	28	17	14	14	0	23	12	11	27	14	13	1	0	1	1	0	1	6	4	2	1	0	1	4	3	1	3	2	1
2020	노원구	상계3.4동	1,647	922	725	712	402	310	192	113	79	179	97	82	238	120	118	12	7	5	122	77	45	13	11	2	62	27	35	68	40	28	13	8	5	7	2	5	9	7	2	1	0	1	9	6	3	10	5	5
2020	노원구	상계6.7동	1,282	688	594	571	310	261	140	67	73	151	83	68	165	82	83	10	9	1	101	59	42	22	18	4	42	18	24	48	24	24	2	1	1	7	6	1	4	2	2	2	0	2	14	8	6	3	1	2
2020	노원구	중계2.3동	3,205	1,716	1,489	1,395	733	662	367	203	164	310	157	153	376	187	189	34	25	9	275	161	114	36	29	7	233	114	119	111	64	47	14	11	3	19	14	5	3	2	1	5	3	2	16	8	8	11	5	6
2020	노원구	공릉1동	2,234	1,253	981	1,042	574	468	206	119	87	204	120	84	283	153	130	18	11	7	161	85	76	22	19	3	117	56	61	108	66	42	8	7	1	14	13	1	6	4	2	3	2	1	25	15	10	17	9	8
2020	은평구	소계	21,773	12,745	9,028	9,010	4,962	4,048	2,236	1,362	874	2,358	1,409	949	3,235	1,777	1,458	173	126	47	1,786	1,174	612	333	280	53	1,162	726	436	882	541	341	55	30	25	130	97	33	154	107	47	24	13	11	167	105	62	68	36	32
2020	은평구	녹번동	1,635	945	690	723	393	330	150	84	66	184	124	60	278	146	132	19	14	5	104	69	35	15	12	3	58	34	24	65	43	22	1	0	1	5	3	2	12	9	3	3	3	0	15	9	6	3	2	1
2020	은평구	불광1동	1,701	945	756	711	379	332	160	87	73	209	126	83	280	152	128	18	13	5	90	53	37	26	22	4	77	39	38	83	49	34	2	2	0	9	8	1	17	7	10	1	1	0	13	5	8	5	2	3
2020	은평구	갈현1동	1,067	632	435	445	251	194	105	68	37	127	80	47	151	86	65	5	3	2	77	49	28	12	10	2	69	37	32	48	27	21	1	1	0	7	4	3	9	8	1	0	0	0	9	7	2	2	1	1
2020	은평구	갈현2동	1,235	721	514	524	295	229	117	67	50	136	93	43	184	110	74	19	13	6	94	55	39	16	12	4	61	23	38	58	35	23	4	1	3	6	6	0	9	7	2	0	0	0	4	2	2	3	2	1
2020	은평구	구산동	2,248	1,596	652	673	405	268	228	172	56	152	96	56	239	139	100	14	10	4	427	334	93	37	32	5	336	299	37	63	45	18	3	2	1	33	26	7	10	9	1	2	1	1	24	21	3	7	5	2
2020	은평구	대조동	1,251	709	542	541	281	260	133	83	50	160	87	73	194	115	79	7	6	1	66	46	20	10	8	2	57	32	25	57	35	22	5	2	3	5	4	1	5	3	2	0	0	0	7	5	2	4	2	2
2020	은평구	응암1동	1,281	702	579	567	311	256	148	86	62	140	79	61	205	98	107	8	5	3	64	36	28	12	11	1	52	28	24	50	25	25	8	4	4	5	5	0	11	6	5	0	0	0	8	7	1	3	1	2
2020	은평구	응암2동	942	542	400	394	219	175	102	60	42	98	54	44	139	72	67	7	6	1	63	40	23	21	15	6	43	29	14	41	26	15	3	2	1	6	5	1	7	4	3	2	0	2	11	6	5	5	4	1
2020	은평구	신사1동	1,236	729	507	528	301	227	119	68	51	155	87	68	174	102	72	8	5	3	118	78	40	20	16	4	48	31	17	38	26	12	0	0	0	4	2	2	7	6	1	3	1	2	10	5	5	4	1	3
2020	은평구	신사2동	970	574	396	431	237	194	89	55	34	89	53	36	138	84	54	6	5	1	90	56	34	17	14	3	36	21	15	47	31	16	4	2	2	6	5	1	6	5	1	1	1	0	6	2	4	4	3	1
2020	은평구	증산동	698	392	306	317	163	154	60	34	26	66	44	22	108	63	45	6	4	2	43	27	16	13	12	1	26	8	18	36	21	15	3	2	1	3	3	0	5	4	1	2	0	2	6	4	2	4	3	1
2020	은평구	수색동	564	318	246	239	129	110	64	36	28	72	40	32	78	43	35	3	3	0	46	29	17	7	7	0	19	10	9	23	17	6	1	0	1	2	0	2	6	3	3	1	1	0	3	0	3	0	0	0
2020	은평구	진관동	1,950	1,111	839	832	453	379	239	144	95	220	127	93	288	144	144	9	9	0	125	81	44	58	49	9	53	29	24	71	39	32	7	3	4	6	4	2	21	17	4	2	0	2	15	10	5	4	2	2
2020	은평구	불광2동	1,472	836	636	603	340	263	135	80	55	174	101	73	252	136	116	12	9	3	101	59	42	23	22	1	67	30	37	62	37	25	4	2	2	5	4	1	10	5	5	2	1	1	14	7	7	8	3	5
2020	은평구	응암3동	1,342	782	560	560	310	250	137	88	49	140	78	62	222	123	99	14	10	4	94	61	33	17	13	4	62	32	30	59	44	15	5	3	2	10	6	4	9	5	4	3	2	1	7	6	1	3	1	2
2020	은평구	역촌동	2,181	1,211	970	922	495	427	250	150	100	236	140	96	305	164	141	18	11	7	184	101	83	29	25	4	98	44	54	81	41	40	4	4	0	18	12	6	10	9	1	2	2	0	15	9	6	9	4	5
2020	서대문구	소계	12,551	6,933	5,618	5,451	2,897	2,554	1,387	772	615	1,318	775	543	1,847	962	885	115	81	34	788	501	287	169	144	25	530	268	262	616	330	286	36	22	14	47	31	16	98	65	33	8	5	3	113	63	50	28	17	11
2020	서대문구	천연동	755	406	349	325	163	162	77	48	29	78	47	31	102	51	51	5	3	2	46	25	21	12	10	2	43	20	23	41	22	19	4	3	1	7	6	1	5	3	2	0	0	0	8	4	4	2	1	1
2020	서대문구	홍제1동	945	514	431	403	211	192	97	53	44	109	65	44	146	70	76	8	5	3	77	47	30	14	12	2	31	19	12	43	22	21	2	0	2	1	0	1	10	8	2	0	0	0	3	1	2	1	1	0
2020	서대문구	홍제3동	830	458	372	373	191	182	82	46	36	90	53	37	137	74	63	10	6	4	42	30	12	5	4	1	33	18	15	39	24	15	3	2	1	4	2	2	4	3	1	0	0	0	8	5	3	0	0	0
2020	서대문구	홍제2동	608	331	277	263	128	135	81	50	31	68	36	32	94	51	43	13	11	2	24	15	9	6	6	0	16	7	9	28	17	11	2	1	1	2	1	1	5	4	1	0	0	0	5	4	1	1	0	1
2020	서대문구	홍은1동	1,058	560	498	478	248	230	113	57	56	118	63	55	154	79	75	11	8	3	58	36	22	16	15	1	35	17	18	43	19	24	1	0	1	4	2	2	10	5	5	2	0	2	12	8	4	3	3	0
2020	서대문구	홍은2동	1,225	694	531	522	275	247	132	77	55	125	80	45	152	73	79	11	8	3	91	56	35	20	17	3	68	46	22	74	43	31	3	2	1	3	2	1	10	7	3	1	0	1	12	7	5	1	1	0
2020	서대문구	남가좌1동	511	263	248	232	115	117	73	35	38	47	28	19	69	31	38	4	4	0	27	14	13	10	8	2	14	7	7	22	16	6	0	0	0	3	1	2	3	2	1	0	0	0	4	2	2	3	0	3
2020	서대문구	남가좌2동	1,188	639	549	505	249	256	128	63	65	117	78	39	179	95	84	14	8	6	79	55	24	15	14	1	72	36	36	44	18	26	2	2	0	9	6	3	11	8	3	1	1	0	8	4	4	4	2	2
2020	서대문구	북가좌1동	686	381	305	289	157	132	86	45	41	73	43	30	93	49	44	5	2	3	55	36	19	14	11	3	19	9	10	34	20	14	2	2	0	2	1	1	4	1	3	2	2	0	6	2	4	2	1	1
2020	서대문구	북가좌2동	1,613	909	704	737	411	326	150	92	58	151	85	66	247	134	113	12	7	5	105	68	37	16	12	4	81	31	50	83	49	34	7	3	4	3	3	0	4	2	2	1	1	0	13	9	4	3	2	1
2020	서대문구	충현동	764	452	312	318	206	112	91	51	40	91	59	32	124	49	75	6	5	1	39	27	12	5	5	0	33	18	15	36	17	19	4	3	1	1	1	0	9	5	4	0	0	0	4	3	1	3	3	0
2020	서대문구	북아현동	573	319	254	258	136	122	52	29	23	66	40	26	86	49	37	3	3	0	30	21	9	11	9	2	19	8	11	31	14	17	3	3	0	3	2	1	7	5	2	0	0	0	3	0	3	1	0	1
2020	서대문구	신촌동	482	260	222	185	98	87	58	33	25	50	24	26	69	39	30	4	3	1	32	22	10	10	7	3	22	10	12	35	15	20	1	1	0	2	1	1	2	2	0	0	0	0	11	4	7	1	1	0
2020	서대문구	연희동	1,313	747	566	563	309	254	167	93	74	135	74	61	195	118	77	9	8	1	83	49	34	15	14	1	44	22	22	63	34	29	2	0	2	3	3	0	14	10	4	1	1	0	16	10	6	3	2	1
2020	마포구	소계	12,951	7,291	5,660	5,587	3,047	2,540	1,382	776	606	1,481	872	609	1,879	1,013	866	119	89	30	850	506	344	197	165	32	505	256	249	618	355	263	31	15	16	53	37	16	86	61	25	11	6	5	120	73	47	32	20	12
2020	마포구	용강동	594	332	262	270	142	128	64	42	22	67	41	26	79	42	37	10	8	2	37	20	17	7	7	0	19	11	8	27	13	14	2	0	2	1	1	0	1	1	0	1	0	1	7	3	4	2	1	1
2020	마포구	대흥동	503	281	222	224	113	111	59	37	22	48	28	20	65	42	23	3	3	0	34	16	18	8	8	0	18	10	8	27	14	13	2	1	1	3	2	1	1	1	0	0	0	0	9	4	5	2	2	0
2020	마포구	염리동	409	224	185	167	94	73	40	25	15	58	30	28	63	30	33	3	3	0	25	17	8	5	3	2	21	10	11	15	7	8	1	1	0	0	0	0	4	2	2	1	0	1	4	1	3	2	1	1
2020	마포구	신수동	703	401	302	311	164	147	70	39	31	74	44	30	108	65	43	8	5	3	47	33	14	8	5	3	19	12	7	40	22	18	0	0	0	2	1	1	4	3	1	2	2	0	6	3	3	4	3	1
2020	마포구	서교동	686	426	260	308	180	128	63	36	27	94	64	30	96	59	37	6	6	0	43	30	13	11	9	2	19	11	8	30	19	11	0	0	0	1	1	0	8	7	1	0	0	0	6	4	2	1	0	1
2020	마포구	합정동	569	326	243	250	135	115	52	33	19	75	48	27	98	53	45	2	2	0	32	17	15	4	3	1	18	9	9	26	17	9	1	0	1	0	0	0	3	3	0	0	0	0	6	5	1	2	1	1
2020	마포구	망원1동	824	484	340	359	201	158	92	58	34	93	61	32	113	60	53	8	4	4	54	37	17	11	9	2	31	15	16	42	24	18	2	1	1	3	3	0	8	6	2	0	0	0	6	3	3	2	2	0
2020	마포구	망원2동	734	425	309	323	178	145	92	55	37	85	46	39	111	61	50	9	8	1	32	20	12	8	6	2	24	15	9	36	24	12	0	0	0	4	4	0	3	2	1	0	0	0	6	5	1	1	1	0
2020	마포구	연남동	545	300	245	248	114	134	50	28	22	67	41	26	78	44	34	7	6	1	27	17	10	10	10	0	12	8	4	26	19	7	1	0	1	4	3	1	4	3	1	0	0	0	10	6	4	1	1	0
2020	마포구	성산1동	678	390	288	305	161	144	57	39	18	74	46	28	93	51	42	5	4	1	32	15	17	16	14	2	36	21	15	42	26	16	6	4	2	3	3	0	6	4	2	0	0	0	3	2	1	0	0	0
2020	마포구	성산2동	2,010	1,086	924	824	452	372	232	121	111	219	123	96	278	140	138	18	11	7	175	99	76	22	17	5	113	52	61	79	39	40	6	4	2	9	5	4	9	8	1	4	3	1	15	8	7	7	4	3
2020	마포구	상암동	1,137	639	498	470	262	208	128	69	59	127	67	60	142	76	66	5	3	2	94	59	35	31	30	1	34	18	16	72	36	36	5	1	4	5	3	2	15	9	6	1	1	0	7	5	2	1	0	1
2020	마포구	도화동	750	404	346	289	146	143	83	46	37	85	44	41	130	69	61	4	4	0	43	27	16	13	9	4	41	22	19	44	27	17	0	0	0	7	3	4	5	2	3	0	0	0	6	5	1	0	0	0
2020	마포구	서강동	669	356	313	297	176	121	85	36	49	68	36	32	98	47	51	6	4	2	34	19	15	12	8	4	21	7	14	29	16	13	3	1	2	1	0	1	4	1	3	1	0	1	7	4	3	3	1	2
2020	마포구	공덕동	1,458	818	640	633	344	289	139	74	65	180	110	70	221	120	101	16	10	6	103	57	46	20	18	2	57	26	31	57	38	19	1	1	0	7	6	1	7	5	2	1	0	1	13	7	6	3	2	1
2020	마포구	아현동	682	399	283	309	185	124	76	38	38	67	43	24	106	54	52	9	8	1	38	23	15	11	9	2	22	9	13	26	14	12	1	1	0	3	2	1	4	4	0	0	0	0	9	8	1	1	1	0
2020	양천구	소계	17,558	10,169	7,389	7,827	4,520	3,307	1,799	1,037	762	1,722	1,024	698	2,803	1,488	1,315	158	114	44	1,167	723	444	287	246	41	615	303	312	718	417	301	52	36	16	92	65	27	131	85	46	13	6	7	125	75	50	49	30	19
2020	양천구	목1동	708	384	324	303	163	140	86	40	46	74	45	29	97	43	54	8	6	2	53	32	21	21	17	4	17	10	7	28	16	12	3	0	3	3	3	0	8	5	3	0	0	0	6	3	3	1	1	0
2020	양천구	목2동	1,056	630	426	469	275	194	106	61	45	123	75	48	172	97	75	9	7	2	59	38	21	11	9	2	36	22	14	48	28	20	5	4	1	5	3	2	5	3	2	0	0	0	8	8	0	0	0	0
2020	양천구	목3동	896	520	376	388	229	159	85	53	32	74	47	27	149	84	65	8	5	3	74	41	33	9	8	1	45	15	30	33	17	16	2	1	1	7	3	4	8	6	2	1	1	0	9	8	1	4	2	2
2020	양천구	목4동	866	514	352	367	217	150	76	49	27	91	57	34	144	74	70	14	9	5	53	31	22	22	16	6	37	23	14	41	23	18	0	0	0	3	1	2	8	6	2	1	1	0	5	4	1	4	3	1
2020	양천구	신월1동	1,258	746	512	569	344	225	129	83	46	130	70	60	178	84	94	10	8	2	87	58	29	13	12	1	49	29	20	55	34	21	3	2	1	11	9	2	6	4	2	2	0	2	9	6	3	7	3	4
2020	양천구	신월2동	999	585	414	471	280	191	96	55	41	95	55	40	148	83	65	12	6	6	76	51	25	13	11	2	35	12	23	35	22	13	3	1	2	3	3	0	4	2	2	0	0	0	7	3	4	1	1	0
2020	양천구	신월3동	932	559	373	431	244	187	94	64	30	89	58	31	147	83	64	10	9	1	57	33	24	9	9	0	43	26	17	30	19	11	1	1	0	4	3	1	7	4	3	0	0	0	7	3	4	3	3	0
2020	양천구	신월4동	899	523	376	450	259	191	85	48	37	68	38	30	145	84	61	4	3	1	60	41	19	10	10	0	20	6	14	35	20	15	1	1	0	1	1	0	8	6	2	2	0	2	10	6	4	0	0	0
2020	양천구	신월5동	720	415	305	331	189	142	56	38	18	81	45	36	113	63	50	8	6	2	47	30	17	10	7	3	30	14	16	23	13	10	3	2	1	2	0	2	8	4	4	1	1	0	5	2	3	2	1	1
2020	양천구	신월6동	437	279	158	218	133	85	38	24	14	30	15	15	71	46	25	3	3	0	27	22	5	12	12	0	7	3	4	21	13	8	1	1	0	3	2	1	4	4	0	0	0	0	0	0	0	2	1	1
2020	양천구	신월7동	1,150	647	503	525	291	234	119	74	45	105	65	40	200	104	96	3	3	0	53	30	23	12	9	3	48	21	27	57	31	26	2	2	0	5	4	1	5	3	2	2	1	1	11	6	5	3	3	0
2020	양천구	신정1동	565	333	232	235	132	103	68	40	28	71	45	26	99	55	44	2	2	0	29	18	11	11	10	1	13	7	6	22	12	10	3	2	1	0	0	0	8	7	1	1	0	1	2	2	0	1	1	0
2020	양천구	신정2동	734	431	303	328	195	133	85	45	40	50	34	16	104	57	47	8	4	4	55	32	23	16	15	1	31	16	15	31	19	12	1	0	1	5	5	0	9	5	4	0	0	0	8	3	5	3	1	2
2020	양천구	신정3동	2,116	1,190	926	922	519	403	231	125	106	204	117	87	325	153	172	19	14	5	161	99	62	40	34	6	77	37	40	81	55	26	5	4	1	14	11	3	16	11	5	1	1	0	12	7	5	8	3	5
2020	양천구	신정6동	462	268	194	180	109	71	57	26	31	54	33	21	65	35	30	5	4	1	34	18	16	12	9	3	13	5	8	21	13	8	6	5	1	5	5	0	5	2	3	0	0	0	4	3	1	1	1	0
2020	양천구	신정7동	1,401	735	666	612	317	295	144	76	68	138	74	64	268	127	141	11	8	3	74	44	30	28	22	6	46	24	22	52	28	24	2	1	1	10	6	4	4	3	1	0	0	0	10	4	6	2	1	1
2020	양천구	목5동	724	404	320	280	160	120	99	52	47	71	42	29	129	62	67	4	1	3	42	27	15	15	15	0	13	7	6	52	27	25	4	2	2	2	2	0	6	4	2	0	0	0	5	3	2	2	0	2
2020	양천구	신정4동	1,635	1,006	629	748	464	284	145	84	61	174	109	65	249	154	95	20	16	4	126	78	48	23	21	2	55	26	29	53	27	26	7	7	0	9	4	5	12	6	6	2	1	1	7	4	3	5	5	0
2020	강서구	소계	28,727	16,640	12,087	12,255	7,096	5,159	2,942	1,770	1,172	2,822	1,711	1,111	4,416	2,357	2,059	238	159	79	2,011	1,176	835	372	312	60	1,598	775	823	1,354	817	537	62	48	14	169	115	54	152	101	51	35	20	15	181	120	61	120	63	57
2020	강서구	염창동	1,072	656	416	466	281	185	113	51	62	108	69	39	178	113	65	5	2	3	71	46	25	29	27	2	26	13	13	45	26	19	3	3	0	5	4	1	9	7	2	1	1	0	11	11	0	2	2	0
2020	강서구	등촌1동	735	412	323	318	170	148	59	31	28	74	47	27	145	86	59	8	6	2	47	22	25	12	9	3	12	5	7	44	27	17	4	4	0	2	1	1	2	1	1	1	1	0	4	1	3	3	1	2
2020	강서구	등촌2동	728	427	301	319	191	128	83	48	35	57	36	21	119	64	55	3	3	0	38	20	18	12	8	4	29	14	15	49	29	20	0	0	0	0	0	0	9	7	2	0	0	0	6	5	1	4	2	2
2020	강서구	등촌3동	3,827	2,118	1,709	1,493	834	659	443	281	162	355	203	152	532	251	281	27	17	10	316	185	131	33	28	5	367	171	196	169	102	67	7	4	3	36	18	18	9	5	4	2	0	2	19	11	8	19	8	11
2020	강서구	화곡본동	1,417	832	585	618	361	257	137	78	59	139	88	51	207	109	98	14	10	4	110	71	39	24	19	5	67	32	35	75	46	29	4	3	1	3	3	0	4	2	2	0	0	0	9	6	3	6	4	2
2020	강서구	화곡2동	774	465	309	341	209	132	61	42	19	87	62	25	142	74	68	3	3	0	42	22	20	18	13	5	26	12	14	39	21	18	2	1	1	2	2	0	3	2	1	2	0	2	4	2	2	2	0	2
2020	강서구	화곡3동	854	481	373	341	184	157	101	61	40	96	54	42	154	80	74	10	7	3	47	30	17	9	7	2	33	19	14	40	24	16	2	1	1	6	4	2	6	4	2	1	1	0	3	1	2	5	4	1
2020	강서구	화곡4동	966	591	375	431	254	177	98	62	36	101	65	36	145	88	57	7	6	1	55	32	23	16	13	3	40	21	19	46	30	16	5	4	1	5	4	1	6	5	1	0	0	0	7	6	1	4	1	3
2020	강서구	화곡6동	948	550	398	399	226	173	74	39	35	109	68	41	127	70	57	8	4	4	114	76	38	17	15	2	43	18	25	40	23	17	0	0	0	4	3	1	3	1	2	1	0	1	6	6	0	3	1	2
2020	강서구	화곡8동	1,054	584	470	456	250	206	105	56	49	115	65	50	173	101	72	12	7	5	71	36	35	11	9	2	36	19	17	44	24	20	3	1	2	7	5	2	5	3	2	4	1	3	11	6	5	1	1	0
2020	강서구	가양1동	831	512	319	377	228	149	82	48	34	87	54	33	122	73	49	4	4	0	55	34	21	23	19	4	18	11	7	45	30	15	0	0	0	6	3	3	7	5	2	0	0	0	5	3	2	0	0	0
2020	강서구	가양2동	2,458	1,431	1,027	945	565	380	286	189	97	196	113	83	331	172	159	14	5	9	201	112	89	20	14	6	276	136	140	124	84	40	4	4	0	23	19	4	6	1	5	5	2	3	13	8	5	14	7	7
2020	강서구	가양3동	1,705	897	808	684	376	308	173	97	76	146	85	61	284	119	165	16	6	10	112	66	46	11	10	1	150	72	78	85	44	41	3	3	0	6	3	3	8	2	6	2	2	0	9	5	4	16	7	9
2020	강서구	발산1동	1,489	864	625	699	400	299	148	87	61	146	91	55	217	114	103	13	8	5	100	59	41	24	22	2	39	17	22	61	37	24	5	4	1	7	7	0	11	9	2	1	0	1	12	7	5	6	2	4
2020	강서구	공항동	1,062	634	428	485	289	196	87	56	31	102	65	37	168	91	77	8	5	3	81	47	34	12	12	0	35	15	20	54	32	22	1	0	1	7	5	2	6	5	1	3	3	0	9	7	2	4	2	2
2020	강서구	방화1동	1,819	1,115	704	806	494	312	179	106	73	192	121	71	301	173	128	18	15	3	116	75	41	25	21	4	39	19	20	96	59	37	4	2	2	8	5	3	15	11	4	2	1	1	14	10	4	4	3	1
2020	강서구	방화2동	1,604	951	653	713	429	284	167	102	65	142	89	53	245	124	121	19	11	8	116	67	49	11	10	1	88	44	44	65	46	19	5	5	0	11	8	3	4	4	0	3	1	2	8	6	2	7	5	2
2020	강서구	방화3동	2,002	1,124	878	880	481	399	224	144	80	168	95	73	305	167	138	16	14	2	126	64	62	14	12	2	142	70	72	82	44	38	1	1	0	16	11	5	7	6	1	1	1	0	11	7	4	9	7	2
2020	강서구	화곡1동	2,123	1,265	858	958	565	393	195	122	73	266	164	102	323	177	146	19	15	4	102	63	39	24	20	4	90	47	43	84	52	32	6	6	0	12	7	5	18	11	7	5	5	0	13	7	6	8	4	4
2020	강서구	우장산동	1,259	731	528	526	309	217	127	70	57	136	77	59	198	111	87	14	11	3	91	49	42	27	24	3	42	20	22	67	37	30	3	2	1	3	3	0	14	10	4	1	1	0	7	5	2	3	2	1
2020	구로구	소계	18,280	10,923	7,357	8,235	4,828	3,407	1,752	1,085	667	1,889	1,158	731	2,828	1,638	1,190	147	105	42	1,249	751	498	288	243	45	648	313	335	772	477	295	54	35	19	105	80	25	104	75	29	26	15	11	131	90	41	52	30	22
2020	구로구	신도림동	933	556	377	419	236	183	84	55	29	99	60	39	137	77	60	9	5	4	68	44	24	24	21	3	22	12	10	37	22	15	2	2	0	8	6	2	10	7	3	1	0	1	9	6	3	4	3	1
2020	구로구	구로1동	518	326	192	228	129	99	49	33	16	68	49	19	81	48	33	5	5	0	25	19	6	11	10	1	14	10	4	28	19	9	2	2	0	3	0	3	1	0	1	2	1	1	1	1	0	0	0	0
2020	구로구	구로3동	931	543	388	426	240	186	88	62	26	109	63	46	145	79	66	5	4	1	57	34	23	12	10	2	28	11	17	35	23	12	1	0	1	1	1	0	5	2	3	2	2	0	13	10	3	4	2	2
2020	구로구	구로4동	1,214	693	521	575	329	246	94	54	40	140	86	54	183	98	85	8	7	1	73	41	32	14	14	0	39	17	22	55	26	29	6	4	2	9	6	3	3	3	0	4	1	3	9	6	3	2	1	1
2020	구로구	구로5동	1,106	655	451	523	299	224	127	78	49	117	69	48	143	90	53	7	3	4	61	34	27	18	16	2	26	11	15	54	35	19	7	4	3	4	3	1	12	8	4	0	0	0	6	5	1	1	0	1
2020	구로구	고척1동	1,117	681	436	534	315	219	113	65	48	99	61	38	170	102	68	11	7	4	78	50	28	12	11	1	28	15	13	41	31	10	3	2	1	4	4	0	7	7	0	3	1	2	8	6	2	6	4	2
2020	구로구	고척2동	1,325	788	537	610	365	245	131	76	55	135	81	54	188	109	79	8	6	2	95	57	38	17	15	2	54	25	29	52	25	27	8	7	1	7	7	0	5	5	0	2	2	0	7	5	2	6	3	3
2020	구로구	개봉2동	1,448	879	569	627	373	254	131	86	45	138	84	54	283	169	114	15	11	4	88	56	32	23	21	2	59	28	31	50	30	20	6	1	5	7	5	2	8	6	2	1	1	0	9	6	3	3	2	1
2020	구로구	개봉3동	1,065	652	413	484	305	179	97	64	33	105	67	38	189	109	80	4	2	2	65	38	27	17	13	4	34	17	17	39	17	22	2	1	1	5	4	1	10	8	2	1	0	1	9	6	3	4	1	3
2020	구로구	오류1동	1,106	649	457	491	284	207	98	57	41	125	83	42	174	103	71	11	8	3	78	47	31	11	10	1	57	20	37	45	26	19	0	0	0	6	5	1	2	2	0	1	1	0	5	2	3	2	1	1
2020	구로구	수궁동	1,252	767	485	548	328	220	118	72	46	110	69	41	188	109	79	14	10	4	112	73	39	31	24	7	32	20	12	65	40	25	5	4	1	6	5	1	6	3	3	0	0	0	13	8	5	4	2	2
2020	구로구	가리봉동	539	335	204	243	152	91	47	30	17	70	45	25	82	47	35	6	5	1	29	18	11	1	1	0	29	14	15	25	18	7	0	0	0	3	2	1	0	0	0	0	0	0	3	2	1	1	1	0
2020	구로구	구로2동	1,427	845	582	682	409	273	119	76	43	149	93	56	208	110	98	12	7	5	99	54	45	10	9	1	56	27	29	49	31	18	3	1	2	14	12	2	8	5	3	2	1	1	13	9	4	3	1	2
2020	구로구	개봉1동	1,728	1,048	680	787	456	331	172	103	69	169	99	70	248	154	94	14	12	2	124	76	48	24	20	4	68	34	34	74	55	19	3	3	0	13	12	1	11	9	2	4	3	1	11	7	4	6	5	1
2020	구로구	오류2동	2,018	1,162	856	846	470	376	230	147	83	207	116	91	327	182	145	12	9	3	141	77	64	47	37	10	75	40	35	85	55	30	5	4	1	11	4	7	11	6	5	1	1	0	14	10	4	6	4	2
2020	구로구	항동	553	344	209	212	138	74	54	27	27	49	33	16	82	52	30	6	4	2	56	33	23	16	11	5	27	12	15	38	24	14	1	0	1	4	4	0	5	4	1	2	1	1	1	1	0	0	0	0
2020	금천구	소계	11,390	6,876	4,514	5,164	3,133	2,031	1,080	645	435	1,171	717	454	1,798	1,045	753	89	71	18	768	489	279	123	106	17	431	209	222	475	282	193	37	22	15	58	47	11	51	30	21	16	8	8	85	43	42	44	29	15
2020	금천구	가산동	743	473	270	369	226	143	68	44	24	70	49	21	114	76	38	5	5	0	39	25	14	3	1	2	29	17	12	28	18	10	2	0	2	5	5	0	1	0	1	0	0	0	6	5	1	4	2	2
2020	금천구	독산1동	1,975	1,191	784	866	542	324	201	111	90	204	126	78	281	159	122	13	12	1	134	86	48	21	18	3	105	50	55	88	52	36	11	7	4	17	13	4	9	4	5	4	2	2	13	5	8	8	4	4
2020	금천구	독산2동	982	613	369	449	288	161	82	53	29	99	53	46	152	96	56	6	5	1	90	59	31	4	4	0	35	14	21	42	30	12	2	1	1	5	3	2	3	1	2	2	1	1	7	3	4	4	2	2
2020	금천구	독산3동	1,200	744	456	559	344	215	119	72	47	123	84	39	184	115	69	10	5	5	65	43	22	13	9	4	37	18	19	63	38	25	4	2	2	1	1	0	7	5	2	2	1	1	11	6	5	2	1	1
2020	금천구	독산4동	810	516	294	366	234	132	55	37	18	89	63	26	125	71	54	8	5	3	65	42	23	16	15	1	28	12	16	40	27	13	0	0	0	3	2	1	1	1	0	1	1	0	9	3	6	4	3	1
2020	금천구	시흥1동	1,660	1,003	657	766	469	297	153	88	65	168	102	66	262	146	116	19	16	3	107	70	37	19	19	0	65	32	33	66	40	26	6	4	2	7	7	0	5	3	2	3	0	3	12	6	6	2	1	1
2020	금천구	시흥2동	1,142	656	486	507	276	231	128	75	53	109	69	40	200	116	84	6	4	2	65	41	24	18	15	3	28	13	15	45	22	23	6	4	2	9	6	3	10	7	3	1	1	0	6	3	3	4	4	0
2020	금천구	시흥3동	564	339	225	251	146	105	54	34	20	49	32	17	92	58	34	7	6	1	37	24	13	8	7	1	20	7	13	30	16	14	3	2	1	2	2	0	2	1	1	1	0	1	4	1	3	4	3	1
2020	금천구	시흥4동	1,112	649	463	480	278	202	111	68	43	128	73	55	204	110	94	7	6	1	82	47	35	11	10	1	34	20	14	30	19	11	3	2	1	2	2	0	6	4	2	2	2	0	8	6	2	4	2	2
2020	금천구	시흥5동	1,202	692	510	551	330	221	109	63	46	132	66	66	184	98	86	8	7	1	84	52	32	10	8	2	50	26	24	43	20	23	0	0	0	7	6	1	7	4	3	0	0	0	9	5	4	8	7	1
2020	영등포구	소계	14,539	8,683	5,856	6,513	3,802	2,711	1,443	884	559	1,551	969	582	2,333	1,314	1,019	134	100	34	849	541	308	209	178	31	457	242	215	696	426	270	35	20	15	63	44	19	87	62	25	20	13	7	115	68	47	34	20	14
2020	영등포구	여의동	779	454	325	307	164	143	86	45	41	100	58	42	111	63	48	5	4	1	36	27	9	32	24	8	25	14	11	47	33	14	3	1	2	2	2	0	10	8	2	2	0	2	11	9	2	2	2	0
2020	영등포구	당산1동	774	452	322	361	214	147	70	37	33	92	55	37	130	71	59	7	3	4	39	26	13	11	9	2	20	11	9	24	13	11	3	3	0	7	4	3	2	2	0	1	1	0	6	3	3	1	0	1
2020	영등포구	당산2동	964	551	413	430	227	203	97	49	48	121	77	44	156	95	61	9	7	2	45	26	19	18	16	2	29	13	16	34	25	9	5	3	2	3	2	1	8	5	3	1	1	0	7	4	3	1	1	0
2020	영등포구	양평1동	660	386	274	323	193	130	58	35	23	75	43	32	93	45	48	8	7	1	38	22	16	11	7	4	17	11	6	22	13	9	1	0	1	2	0	2	4	3	1	1	1	0	5	4	1	2	2	0
2020	영등포구	양평2동	604	376	228	298	178	120	58	34	24	54	32	22	82	53	29	4	3	1	36	28	8	10	10	0	15	10	5	34	18	16	1	0	1	4	3	1	5	4	1	1	1	0	2	2	0	0	0	0
2020	영등포구	신길1동	828	482	346	378	209	169	75	50	25	80	55	25	148	82	66	12	10	2	36	21	15	8	8	0	33	11	22	42	27	15	0	0	0	3	2	1	6	1	5	0	0	0	7	6	1	0	0	0
2020	영등포구	신길3동	845	511	334	355	211	144	94	60	34	98	60	38	130	80	50	8	6	2	53	29	24	10	10	0	38	20	18	42	25	17	0	0	0	1	1	0	3	3	0	0	0	0	9	5	4	4	1	3
2020	영등포구	신길4동	609	351	258	276	155	121	70	44	26	61	35	26	89	48	41	1	1	0	41	26	15	5	5	0	15	8	7	29	17	12	3	1	2	3	3	0	5	3	2	1	1	0	9	4	5	1	0	1
2020	영등포구	신길5동	560	328	232	246	132	114	67	44	23	52	31	21	97	55	42	7	7	0	36	24	12	6	5	1	17	10	7	21	14	7	1	0	1	3	1	2	2	2	0	1	1	0	3	2	1	1	0	1
2020	영등포구	신길6동	731	406	325	324	169	155	78	48	30	72	42	30	111	65	46	9	6	3	47	29	18	15	14	1	25	11	14	37	16	21	2	1	1	1	0	1	3	2	1	1	1	0	5	2	3	1	0	1
2020	영등포구	신길7동	573	327	246	236	126	110	60	35	25	78	49	29	86	50	36	5	1	4	44	24	20	16	14	2	15	4	11	20	16	4	2	2	0	3	3	0	2	0	2	1	1	0	4	1	3	1	1	0
2020	영등포구	대림1동	811	487	324	355	217	138	80	46	34	86	51	35	144	83	61	8	7	1	44	32	12	4	4	0	25	11	14	47	29	18	1	1	0	3	1	2	0	0	0	0	0	0	10	3	7	4	2	2
2020	영등포구	대림2동	734	443	291	341	213	128	59	36	23	58	36	22	136	74	62	10	7	3	47	26	21	9	8	1	21	8	13	40	27	13	1	1	0	2	1	1	3	2	1	0	0	0	5	3	2	2	1	1
2020	영등포구	대림3동	1,146	704	442	532	317	215	100	68	32	106	71	35	199	106	93	15	11	4	73	48	25	10	9	1	29	17	12	58	42	16	1	1	0	7	5	2	5	5	0	5	1	4	4	2	2	2	1	1
2020	영등포구	영등포본동	1,057	646	411	443	276	167	107	71	36	123	77	46	180	99	81	4	3	1	58	37	21	13	10	3	30	18	12	64	33	31	5	1	4	2	2	0	5	3	2	2	1	1	14	9	5	7	6	1
2020	영등포구	영등포동	1,053	711	342	455	304	151	106	69	37	111	86	25	165	98	67	8	6	2	71	49	22	8	4	4	55	39	16	48	34	14	1	1	0	8	8	0	9	7	2	2	2	0	4	3	1	2	1	1
2020	영등포구	도림동	898	534	364	417	257	160	72	37	35	100	61	39	138	74	64	5	3	2	60	37	23	9	9	0	30	19	11	46	22	24	3	2	1	5	2	3	3	3	0	1	1	0	7	5	2	2	2	0
2020	영등포구	문래동	912	534	378	435	240	195	106	76	30	84	50	34	138	73	65	9	8	1	45	30	15	14	12	2	18	7	11	41	22	19	2	2	0	4	4	0	12	9	3	0	0	0	3	1	2	1	0	1
2020	영등포구	기타	1	0	1	1	0	1	0	0	0	0	0	0	0	0	0	0	0	0	0	0	0	0	0	0	0	0	0	0	0	0	0	0	0	0	0	0	0	0	0	0	0	0	0	0	0	0	0	0
2020	동작구	소계	14,607	8,363	6,244	6,303	3,487	2,816	1,510	853	657	1,543	956	587	2,403	1,329	1,074	141	101	40	901	532	369	231	198	33	526	265	261	663	379	284	38	25	13	67	52	15	109	80	29	11	7	4	114	75	39	47	24	23
2020	동작구	노량진2동	661	376	285	279	153	126	70	43	27	81	48	33	108	58	50	4	4	0	48	25	23	4	3	1	30	18	12	26	17	9	0	0	0	3	3	0	3	3	0	1	0	1	1	0	1	3	1	2
2020	동작구	상도1동	1,493	845	648	629	356	273	144	81	63	195	116	79	241	131	110	11	8	3	89	49	40	27	25	2	44	17	27	70	35	35	4	3	1	6	6	0	13	10	3	1	1	0	13	5	8	6	2	4
2020	동작구	상도2동	976	556	420	406	233	173	110	57	53	99	63	36	164	87	77	12	7	5	62	37	25	20	15	5	38	20	18	43	21	22	2	2	0	8	6	2	8	6	2	1	1	0	3	1	2	0	0	0
2020	동작구	상도3동	1,134	631	503	515	273	242	133	68	65	104	68	36	168	95	73	8	7	1	76	40	36	13	12	1	41	22	19	55	30	25	6	4	2	1	0	1	7	5	2	1	1	0	6	6	0	0	0	0
2020	동작구	상도4동	1,293	761	532	551	311	240	113	66	47	130	86	44	272	164	108	10	8	2	77	51	26	23	19	4	50	19	31	42	21	21	2	1	1	4	2	2	8	5	3	0	0	0	4	4	0	7	4	3
2020	동작구	사당1동	806	479	327	340	196	144	76	45	31	89	51	38	125	76	49	10	9	1	50	28	22	13	11	2	35	20	15	33	20	13	5	3	2	6	5	1	6	5	1	2	1	1	11	6	5	5	3	2
2020	동작구	사당3동	766	461	305	329	182	147	78	54	24	71	42	29	130	82	48	8	6	2	47	26	21	19	18	1	24	11	13	32	19	13	1	1	0	7	6	1	10	5	5	2	1	1	7	7	0	1	1	0
2020	동작구	사당4동	576	350	226	261	157	104	62	35	27	69	42	27	86	49	37	2	1	1	30	20	10	8	6	2	15	10	5	31	21	10	2	1	1	3	3	0	4	3	1	0	0	0	2	1	1	1	1	0
2020	동작구	사당5동	528	293	235	233	130	103	59	28	31	48	32	16	81	37	44	3	3	0	22	14	8	15	13	2	26	12	14	25	12	13	2	1	1	2	2	0	6	5	1	0	0	0	6	4	2	0	0	0
2020	동작구	대방동	1,578	877	701	681	378	303	154	84	70	164	100	64	244	117	127	13	8	5	123	73	50	18	14	4	63	31	32	81	52	29	5	3	2	6	3	3	5	3	2	0	0	0	14	8	6	7	3	4
2020	동작구	신대방1동	827	474	353	355	197	158	98	52	46	77	47	30	140	87	53	7	5	2	61	33	28	17	16	1	22	9	13	32	16	16	1	1	0	2	2	0	8	7	1	1	0	1	4	2	2	2	0	2
2020	동작구	신대방2동	707	427	280	311	180	131	82	45	37	65	39	26	117	65	52	7	6	1	41	26	15	14	13	1	17	10	7	33	28	5	2	1	1	2	1	1	4	4	0	1	1	0	6	5	1	5	3	2
2020	동작구	흑석동	1,119	617	502	513	256	257	114	72	42	111	71	40	169	85	84	15	8	7	57	36	21	12	11	1	45	25	20	51	27	24	3	3	0	6	4	2	7	5	2	0	0	0	13	11	2	3	3	0
2020	동작구	노량진1동	1,229	706	523	515	282	233	127	70	57	130	86	44	210	123	87	18	10	8	73	45	28	11	8	3	52	28	24	53	25	28	1	0	1	8	7	1	12	10	2	1	1	0	14	9	5	4	2	2
2020	동작구	사당2동	914	510	404	385	203	182	90	53	37	110	65	45	148	73	75	13	11	2	45	29	16	17	14	3	24	13	11	56	35	21	2	1	1	3	2	1	8	4	4	0	0	0	10	6	4	3	1	2
2020	관악구	소계	20,265	11,900	8,365	8,909	5,065	3,844	1,989	1,207	782	2,234	1,364	870	3,055	1,775	1,280	173	126	47	1,348	821	527	253	212	41	863	439	424	982	589	393	42	31	11	91	70	21	109	78	31	14	8	6	146	81	65	57	34	23
2020	관악구	보라매동	1,135	645	490	480	261	219	129	76	53	123	70	53	162	99	63	14	8	6	91	51	40	18	16	2	44	16	28	54	35	19	1	1	0	1	1	0	4	2	2	3	1	2	8	6	2	3	2	1
2020	관악구	청림동	664	381	283	288	153	135	75	42	33	74	44	30	104	54	50	7	3	4	34	27	7	8	8	0	27	18	9	35	24	11	0	0	0	4	4	0	4	2	2	0	0	0	4	2	2	0	0	0
2020	관악구	행운동	1,070	634	436	468	272	196	107	54	53	117	83	34	156	93	63	10	9	1	73	45	28	9	5	4	59	26	33	49	37	12	0	0	0	3	3	0	5	2	3	0	0	0	11	3	8	3	2	1
2020	관악구	낙성대동	472	260	212	212	114	98	54	27	27	46	27	19	74	43	31	1	1	0	27	12	15	10	10	0	13	7	6	23	9	14	1	1	0	3	3	0	4	4	0	0	0	0	4	2	2	0	0	0
2020	관악구	중앙동	579	340	239	272	147	125	64	40	24	61	39	22	98	63	35	3	3	0	35	19	16	6	5	1	11	5	6	16	10	6	1	1	0	3	2	1	5	4	1	0	0	0	3	1	2	1	1	0
2020	관악구	인헌동	917	519	398	408	231	177	83	49	34	96	52	44	155	80	75	3	1	2	55	33	22	9	8	1	45	24	21	46	29	17	4	3	1	2	2	0	6	4	2	1	0	1	4	3	1	0	0	0
2020	관악구	남현동	560	325	235	250	137	113	52	32	20	60	39	21	77	45	32	7	5	2	36	24	12	5	3	2	28	15	13	35	19	16	1	1	0	4	3	1	2	1	1	0	0	0	2	1	1	1	0	1
2020	관악구	서원동	804	496	308	337	206	131	74	46	28	109	66	43	127	69	58	10	7	3	52	36	16	8	8	0	23	13	10	38	23	15	3	2	1	4	4	0	3	3	0	1	1	0	10	9	1	5	3	2
2020	관악구	신원동	827	484	343	347	185	162	76	47	29	87	51	36	135	77	58	6	5	1	56	39	17	8	8	0	46	27	19	51	36	15	0	0	0	3	1	2	4	3	1	1	0	1	4	3	1	3	2	1
2020	관악구	서림동	872	511	361	404	223	181	67	45	22	93	59	34	121	76	45	6	4	2	59	29	30	15	13	2	53	23	30	35	23	12	1	1	0	5	5	0	3	3	0	0	0	0	8	6	2	2	1	1
2020	관악구	신사동	911	565	346	408	245	163	80	53	27	97	64	33	142	89	53	8	6	2	73	39	34	10	7	3	41	27	14	39	27	12	1	1	0	4	2	2	2	2	0	0	0	0	3	1	2	3	2	1
2020	관악구	신림동	554	334	220	232	134	98	64	38	26	87	62	25	75	48	27	5	3	2	26	14	12	6	6	0	18	6	12	30	16	14	0	0	0	2	2	0	3	2	1	0	0	0	3	1	2	3	2	1
2020	관악구	난향동	708	431	277	316	195	121	73	53	20	75	41	34	100	55	45	11	8	3	46	28	18	13	9	4	18	5	13	39	24	15	1	1	0	3	3	0	4	3	1	1	0	1	6	5	1	2	1	1
2020	관악구	조원동	704	448	256	307	191	116	66	38	28	86	55	31	112	74	38	8	8	0	39	24	15	5	3	2	22	16	6	45	31	14	1	0	1	4	3	1	0	0	0	2	1	1	6	3	3	1	1	0
2020	관악구	대학동	732	457	275	331	201	130	62	40	22	80	50	30	87	59	28	2	1	1	45	24	21	10	9	1	52	33	19	37	23	14	3	2	1	2	1	1	12	9	3	1	1	0	6	3	3	2	1	1
2020	관악구	은천동	1,687	975	712	740	414	326	181	108	73	198	123	75	239	139	100	11	8	3	118	70	48	24	21	3	67	34	33	73	33	40	7	5	2	7	6	1	8	7	1	0	0	0	10	5	5	4	2	2
2020	관악구	성현동	1,429	799	630	648	354	294	136	81	55	167	95	72	190	97	93	7	4	3	99	64	35	22	20	2	63	29	34	62	36	26	1	0	1	7	6	1	8	4	4	1	1	0	12	4	8	6	4	2
2020	관악구	청룡동	1,068	649	419	480	279	201	94	58	36	115	77	38	169	100	69	10	6	4	70	48	22	14	11	3	46	27	19	49	29	20	1	0	1	3	3	0	9	7	2	1	1	0	7	3	4	0	0	0
2020	관악구	난곡동	1,600	922	678	650	367	283	157	95	62	185	114	71	240	126	114	21	16	5	127	76	51	14	10	4	71	40	31	89	50	39	3	3	0	15	8	7	3	1	2	0	0	0	15	10	5	10	6	4
2020	관악구	삼성동	1,542	866	676	682	376	306	148	94	54	132	67	65	267	148	119	11	10	1	106	66	40	20	15	5	76	34	42	66	33	33	5	4	1	5	3	2	7	7	0	1	1	0	9	5	4	7	3	4
2020	관악구	미성동	1,430	859	571	649	380	269	147	91	56	146	86	60	225	141	84	12	10	2	81	53	28	19	17	2	40	14	26	71	42	29	7	5	2	7	5	2	13	8	5	1	1	0	11	5	6	1	1	0
2020	서초구	소계	10,542	6,189	4,353	4,288	2,409	1,879	1,202	698	504	1,180	725	455	1,479	831	648	86	63	23	742	481	261	302	250	52	358	158	200	569	343	226	35	22	13	59	37	22	130	100	30	2	2	0	84	58	26	26	12	14
2020	서초구	서초1동	488	274	214	199	109	90	66	33	33	43	27	16	71	35	36	2	1	1	26	19	7	15	14	1	23	6	17	25	14	11	0	0	0	4	3	1	7	7	0	0	0	0	5	4	1	2	2	0
2020	서초구	서초2동	369	218	151	146	79	67	47	28	19	40	25	15	57	36	21	5	4	1	22	16	6	13	12	1	10	4	6	20	10	10	0	0	0	1	1	0	2	1	1	0	0	0	2	1	1	4	1	3
2020	서초구	서초3동	731	439	292	281	154	127	79	49	30	88	58	30	104	65	39	9	8	1	51	31	20	27	21	6	21	12	9	47	23	24	1	0	1	6	4	2	5	4	1	1	1	0	10	9	1	1	0	1
2020	서초구	서초4동	475	293	182	186	104	82	63	35	28	51	32	19	58	35	23	8	7	1	25	19	6	29	25	4	3	1	2	33	21	12	3	1	2	3	2	1	6	4	2	0	0	0	7	7	0	0	0	0
2020	서초구	잠원동	540	334	206	228	132	96	65	41	24	53	34	19	85	52	33	1	1	0	30	20	10	22	19	3	14	7	7	29	18	11	1	1	0	2	2	0	4	3	1	0	0	0	6	4	2	0	0	0
2020	서초구	반포본동	183	115	68	74	40	34	29	20	9	17	12	5	23	16	7	1	1	0	12	9	3	11	11	0	1	0	1	11	5	6	0	0	0	1	0	1	2	1	1	0	0	0	1	0	1	0	0	0
2020	서초구	반포1동	562	315	247	247	140	107	63	25	38	68	42	26	74	41	33	7	6	1	28	17	11	12	9	3	17	10	7	27	14	13	2	0	2	3	1	2	5	5	0	0	0	0	6	4	2	3	1	2
2020	서초구	반포2동	245	135	110	104	60	44	30	17	13	26	14	12	41	19	22	1	0	1	10	5	5	8	6	2	6	3	3	10	5	5	1	1	0	2	1	1	4	4	0	0	0	0	2	0	2	0	0	0
2020	서초구	반포3동	352	192	160	139	64	75	44	24	20	31	18	13	56	31	25	2	2	0	19	12	7	15	12	3	10	5	5	23	13	10	2	1	1	1	1	0	7	7	0	0	0	0	2	1	1	1	1	0
2020	서초구	반포4동	347	204	143	131	71	60	36	18	18	39	26	13	55	32	23	5	2	3	25	16	9	8	7	1	10	4	6	18	13	5	2	2	0	2	2	0	10	8	2	1	1	0	4	2	2	1	0	1
2020	서초구	방배본동	460	276	184	189	105	84	54	31	23	58	37	21	57	32	25	3	2	1	30	21	9	13	12	1	18	10	8	28	18	10	0	0	0	1	1	0	8	7	1	0	0	0	0	0	0	1	0	1
2020	서초구	방배1동	479	280	199	198	105	93	47	31	16	61	38	23	69	38	31	6	4	2	22	11	11	7	7	0	17	7	10	29	22	7	2	2	0	2	0	2	9	8	1	0	0	0	8	6	2	2	1	1
2020	서초구	방배2동	681	394	287	300	168	132	76	52	24	77	44	33	96	59	37	6	4	2	41	21	20	9	7	2	19	11	8	36	15	21	2	1	1	3	3	0	7	3	4	0	0	0	8	6	2	1	0	1
2020	서초구	방배3동	555	334	221	225	128	97	53	39	14	60	39	21	76	42	34	3	1	2	42	28	14	16	13	3	20	5	15	35	21	14	5	4	1	5	3	2	9	7	2	0	0	0	5	4	1	1	0	1
2020	서초구	방배4동	593	361	232	230	140	90	67	36	31	101	63	38	82	51	31	7	7	0	29	15	14	9	6	3	17	11	6	34	22	12	2	1	1	5	3	2	7	3	4	0	0	0	3	3	0	0	0	0
2020	서초구	양재1동	1,955	1,086	869	830	474	356	220	118	102	191	111	80	263	125	138	12	6	6	160	90	70	42	33	9	100	45	55	92	56	36	6	4	2	10	6	4	15	11	4	0	0	0	9	4	5	5	3	2
2020	서초구	양재2동	673	427	246	268	164	104	81	52	29	75	48	27	103	61	42	5	4	1	47	33	14	13	11	2	22	10	12	35	27	8	3	3	0	3	2	1	13	10	3	0	0	0	4	2	2	1	0	1
2020	서초구	내곡동	854	512	342	313	172	141	82	49	33	101	57	44	109	61	48	3	3	0	123	98	25	33	25	8	30	7	23	37	26	11	3	1	2	5	2	3	10	7	3	0	0	0	2	1	1	3	3	0
2020	강남구	소계	15,200	8,770	6,430	6,077	3,453	2,624	1,754	1,032	722	1,562	907	655	1,963	1,025	938	131	92	39	1,028	584	444	573	488	85	834	377	457	827	514	313	47	32	15	103	72	31	141	99	42	19	9	10	85	60	25	56	26	30
2020	강남구	신사동	403	233	170	181	101	80	49	25	24	32	17	15	53	32	21	1	1	0	18	9	9	11	10	1	7	4	3	29	17	12	3	2	1	4	4	0	8	6	2	0	0	0	4	4	0	3	1	2
2020	강남구	논현1동	574	360	214	245	150	95	65	51	14	80	43	37	60	38	22	2	2	0	50	33	17	8	7	1	17	7	10	27	14	13	3	3	0	2	2	0	9	5	4	0	0	0	5	4	1	1	1	0
2020	강남구	논현2동	513	305	208	207	117	90	52	28	24	59	32	27	84	54	30	4	3	1	31	16	15	11	11	0	9	4	5	37	22	15	1	1	0	3	3	0	11	11	0	0	0	0	4	3	1	0	0	0
2020	강남구	삼성1동	289	185	104	128	84	44	42	23	19	23	15	8	36	22	14	6	3	3	15	7	8	12	11	1	6	4	2	14	10	4	0	0	0	1	1	0	4	4	0	1	1	0	1	0	1	0	0	0
2020	강남구	삼성2동	544	343	201	206	133	73	72	39	33	70	44	26	72	43	29	1	0	1	30	22	8	24	21	3	23	15	8	27	17	10	3	1	2	2	1	1	10	6	4	0	0	0	3	1	2	1	0	1
2020	강남구	대치1동	278	172	106	100	58	42	36	18	18	30	21	9	37	23	14	0	0	0	15	7	8	21	18	3	5	4	1	18	10	8	0	0	0	1	1	0	9	7	2	1	0	1	4	4	0	1	1	0
2020	강남구	대치4동	398	227	171	172	98	74	40	25	15	42	21	21	49	24	25	4	3	1	23	14	9	9	7	2	13	4	9	32	23	9	2	1	1	0	0	0	3	1	2	1	0	1	6	5	1	2	1	1
2020	강남구	역삼1동	765	459	306	363	221	142	81	45	36	80	47	33	100	61	39	9	6	3	42	26	16	13	12	1	17	9	8	43	23	20	1	1	0	4	3	1	6	1	5	1	1	0	4	3	1	1	0	1
2020	강남구	역삼2동	638	381	257	263	148	115	74	43	31	72	48	24	85	48	37	4	2	2	31	19	12	18	16	2	23	14	9	52	35	17	0	0	0	1	1	0	8	4	4	1	0	1	5	3	2	1	0	1
2020	강남구	도곡1동	390	226	164	159	87	72	53	38	15	36	20	16	54	27	27	3	1	2	31	19	12	16	14	2	9	4	5	23	12	11	0	0	0	0	0	0	2	2	0	0	0	0	4	2	2	0	0	0
2020	강남구	도곡2동	503	304	199	213	123	90	80	47	33	47	26	21	61	35	26	1	1	0	24	14	10	17	15	2	7	3	4	37	29	8	1	1	0	4	4	0	7	3	4	0	0	0	4	3	1	0	0	0
2020	강남구	개포1동	221	133	88	98	59	39	27	16	11	21	12	9	31	17	14	1	1	0	14	7	7	6	6	0	6	3	3	9	7	2	0	0	0	2	1	1	3	2	1	0	0	0	2	1	1	1	1	0
2020	강남구	개포4동	591	356	235	212	126	86	74	42	32	66	43	23	77	42	35	8	6	2	53	29	24	25	21	4	26	12	14	34	24	10	2	1	1	5	3	2	4	4	0	0	0	0	4	3	1	1	0	1
2020	강남구	일원본동	718	341	377	205	118	87	56	31	25	41	26	15	63	33	30	9	7	2	67	19	48	87	72	15	141	6	135	35	21	14	2	1	1	4	2	2	6	4	2	0	0	0	0	0	0	2	1	1
2020	강남구	일원1동	1,089	603	486	418	223	195	122	74	48	108	59	49	132	60	72	12	7	5	73	35	38	42	36	6	99	54	45	53	33	20	4	3	1	8	6	2	7	5	2	2	1	1	7	6	1	2	1	1
2020	강남구	일원2동	1,164	601	563	423	208	215	136	73	63	119	63	56	180	68	112	3	2	1	92	60	32	46	34	12	86	47	39	50	28	22	1	1	0	15	11	4	2	2	0	3	1	2	0	0	0	8	3	5
2020	강남구	수서동	2,150	1,197	953	874	479	395	215	134	81	209	110	99	237	111	126	21	15	6	156	91	65	33	28	5	229	123	106	109	67	42	6	4	2	20	12	8	2	0	2	5	3	2	14	10	4	20	10	10
2020	강남구	세곡동	1,967	1,147	820	808	459	349	227	128	99	205	119	86	271	145	126	17	13	4	141	86	55	91	77	14	73	39	34	85	53	32	6	4	2	16	10	6	9	6	3	3	2	1	7	3	4	8	3	5
2020	강남구	압구정동	486	288	198	196	108	88	65	49	16	48	30	18	74	34	40	3	3	0	29	18	11	16	16	0	6	1	5	35	20	15	2	0	2	1	1	0	7	6	1	0	0	0	3	1	2	1	1	0
2020	강남구	청담동	510	294	216	214	125	89	59	34	25	62	35	27	71	35	36	9	5	4	32	20	12	18	11	7	8	4	4	22	12	10	3	3	0	2	1	1	6	5	1	0	0	0	3	3	0	1	1	0
2020	강남구	대치2동	585	365	220	218	127	91	85	49	36	62	43	19	71	36	35	7	5	2	38	26	12	31	29	2	14	9	5	36	25	11	4	3	1	6	3	3	11	9	2	0	0	0	1	1	0	1	0	1
2020	강남구	개포2동	423	249	174	174	101	73	44	20	24	50	33	17	65	37	28	6	6	0	23	7	16	17	15	2	10	7	3	20	12	8	3	2	1	2	2	0	7	6	1	1	0	1	0	0	0	1	1	0
2020	강남구	기타	1	1	0	0	0	0	0	0	0	0	0	0	0	0	0	0	0	0	0	0	0	1	1	0	0	0	0	0	0	0	0	0	0	0	0	0	0	0	0	0	0	0	0	0	0	0	0	0
2020	송파구	소계	20,286	11,984	8,302	8,642	4,931	3,711	2,219	1,321	898	2,069	1,272	797	2,716	1,452	1,264	174	123	51	1,545	965	580	655	572	83	631	332	299	1,060	624	436	60	40	20	113	79	34	189	144	45	14	8	6	139	82	57	60	39	21
2020	송파구	풍납1동	670	383	287	273	148	125	77	46	31	71	43	28	119	66	53	3	1	2	43	28	15	17	15	2	18	8	10	33	15	18	1	1	0	5	5	0	3	2	1	0	0	0	5	4	1	2	1	1
2020	송파구	풍납2동	828	490	338	360	210	150	98	63	35	71	42	29	123	67	56	8	4	4	56	34	22	22	21	1	25	10	15	42	22	20	1	1	0	5	4	1	8	6	2	1	1	0	4	1	3	4	4	0
2020	송파구	거여1동	625	376	249	281	172	109	56	37	19	72	44	28	89	44	45	6	5	1	54	35	19	13	12	1	13	7	6	29	12	17	0	0	0	6	5	1	1	1	0	0	0	0	2	0	2	3	2	1
2020	송파구	거여2동	1,011	591	420	372	198	174	91	57	34	92	59	33	117	61	56	6	6	0	217	138	79	24	21	3	37	15	22	34	22	12	3	3	0	7	5	2	6	3	3	2	1	1	2	1	1	1	1	0
2020	송파구	마천1동	1,229	722	507	555	305	250	122	76	46	117	66	51	180	104	76	13	12	1	83	53	30	32	28	4	41	23	18	55	32	23	1	1	0	9	7	2	8	7	1	0	0	0	7	6	1	6	2	4
2020	송파구	마천2동	1,229	722	507	563	335	228	113	73	40	129	77	52	175	85	90	11	7	4	83	53	30	14	12	2	53	34	19	59	28	31	2	1	1	11	8	3	5	4	1	1	1	0	7	4	3	3	0	3
2020	송파구	방이1동	438	256	182	188	115	73	38	17	21	47	25	22	61	40	21	4	3	1	34	16	18	14	11	3	11	5	6	23	15	8	3	1	2	1	0	1	5	3	2	0	0	0	8	5	3	1	0	1
2020	송파구	방이2동	770	458	312	357	201	156	88	50	38	80	50	30	95	54	41	9	8	1	41	31	10	12	11	1	32	20	12	40	22	18	2	1	1	3	1	2	2	2	0	1	1	0	7	5	2	1	1	0
2020	송파구	오륜동	293	165	128	121	59	62	37	24	13	26	13	13	39	23	16	3	2	1	18	11	7	13	11	2	7	3	4	16	11	5	2	1	1	2	0	2	4	3	1	1	0	1	4	4	0	0	0	0
2020	송파구	오금동	1,427	808	619	582	312	270	174	94	80	153	88	65	179	98	81	14	7	7	106	59	47	66	58	8	35	19	16	70	41	29	2	1	1	8	6	2	19	12	7	0	0	0	9	5	4	10	8	2
2020	송파구	송파1동	695	431	264	295	181	114	87	50	37	92	65	27	83	46	37	4	3	1	38	22	16	16	13	3	27	15	12	33	20	13	1	1	0	4	2	2	10	9	1	0	0	0	4	4	0	1	0	1
2020	송파구	송파2동	523	299	224	233	127	106	51	28	23	51	31	20	51	24	27	3	3	0	45	31	14	22	16	6	20	10	10	31	24	7	2	1	1	1	0	1	5	2	3	0	0	0	6	1	5	2	1	1
2020	송파구	석촌동	1,019	602	417	448	265	183	105	67	38	99	64	35	143	75	68	8	4	4	71	42	29	23	20	3	41	22	19	54	27	27	3	1	2	0	0	0	11	9	2	2	1	1	8	3	5	3	2	1
2020	송파구	삼전동	935	564	371	405	248	157	111	65	46	100	51	49	121	60	61	6	4	2	45	34	11	20	18	2	44	23	21	53	36	17	4	3	1	3	2	1	14	13	1	1	1	0	6	4	2	2	2	0
2020	송파구	가락본동	767	469	298	345	207	138	80	40	40	79	52	27	91	55	36	4	4	0	42	27	15	25	20	5	21	14	7	58	31	27	2	2	0	5	4	1	8	7	1	0	0	0	6	5	1	1	1	0
2020	송파구	가락1동	532	320	212	225	131	94	63	37	26	49	29	20	59	30	29	3	0	3	35	25	10	33	30	3	10	3	7	34	22	12	3	2	1	6	2	4	7	5	2	0	0	0	5	4	1	0	0	0
2020	송파구	가락2동	929	556	373	396	219	177	93	64	29	108	64	44	122	68	54	8	6	2	70	40	30	23	21	2	26	18	8	56	39	17	3	1	2	5	4	1	6	4	2	1	0	1	9	6	3	3	2	1
2020	송파구	문정1동	584	337	247	245	127	118	65	39	26	50	30	20	71	34	37	6	6	0	63	43	20	21	18	3	16	6	10	34	23	11	3	3	0	4	4	0	1	1	0	0	0	0	3	2	1	2	1	1
2020	송파구	문정2동	519	316	203	225	130	95	62	39	23	46	30	16	77	38	39	7	4	3	26	17	9	21	20	1	7	4	3	27	17	10	2	2	0	5	4	1	12	9	3	0	0	0	2	2	0	0	0	0
2020	송파구	잠실본동	800	489	311	345	202	143	86	53	33	91	67	24	108	57	51	9	7	2	40	29	11	14	13	1	36	16	20	50	32	18	2	1	1	1	1	0	8	5	3	0	0	0	8	4	4	2	2	0
2020	송파구	잠실4동	437	269	168	180	103	77	53	35	18	42	27	15	51	26	25	4	4	0	30	17	13	24	22	2	11	7	4	23	13	10	2	1	1	1	1	0	9	8	1	0	0	0	5	3	2	2	2	0
2020	송파구	잠실6동	371	226	145	136	71	65	49	34	15	45	29	16	58	33	25	5	4	1	22	16	6	17	15	2	10	6	4	17	11	6	1	0	1	1	1	0	2	2	0	1	0	1	6	3	3	1	1	0
2020	송파구	잠실7동	211	126	85	90	45	45	32	20	12	16	14	2	27	15	12	0	0	0	10	6	4	6	6	0	4	1	3	16	10	6	3	3	0	1	1	0	4	4	0	0	0	0	2	1	1	0	0	0
2020	송파구	잠실2동	569	330	239	235	138	97	70	37	33	64	36	28	82	43	39	4	3	1	33	19	14	28	23	5	7	4	3	28	15	13	0	0	0	4	3	1	10	8	2	1	0	1	1	0	1	2	1	1
2020	송파구	잠실3동	691	409	282	283	158	125	78	42	36	70	50	20	96	49	47	6	4	2	51	28	23	24	23	1	16	10	6	40	23	17	6	5	1	2	1	1	14	12	2	0	0	0	3	2	1	2	2	0
2020	송파구	장지동	1,343	789	554	555	314	241	161	91	70	120	75	45	176	93	83	8	7	1	126	77	49	71	65	6	45	19	26	55	36	19	4	3	1	7	5	2	3	1	2	1	1	0	6	0	6	5	2	3
2020	송파구	위례동	841	481	360	349	210	139	79	43	36	89	51	38	123	64	59	12	5	7	63	34	29	40	29	11	18	10	8	50	25	25	2	0	2	6	3	3	4	2	2	1	1	0	4	3	1	1	1	0
2020	강동구	소계	18,307	10,926	7,381	7,957	4,653	3,304	2,001	1,209	792	1,930	1,189	741	2,451	1,381	1,070	200	140	60	1,387	859	528	426	366	60	638	330	308	852	516	336	49	27	22	94	73	21	120	80	40	20	9	11	124	69	55	58	25	33
2020	강동구	강일동	1,700	959	741	745	399	346	214	124	90	175	102	73	230	128	102	16	8	8	124	73	51	43	41	2	42	22	20	70	36	34	6	3	3	5	4	1	7	3	4	3	1	2	12	9	3	8	6	2
2020	강동구	상일동	926	548	378	406	245	161	112	66	46	94	56	38	117	59	58	15	9	6	74	49	25	27	21	6	19	7	12	43	26	17	1	0	1	3	2	1	10	5	5	0	0	0	5	3	2	0	0	0
2020	강동구	명일1동	886	523	363	377	218	159	84	44	40	95	64	31	127	65	62	9	6	3	79	48	31	19	19	0	28	18	10	42	25	17	2	2	0	3	3	0	9	7	2	1	0	1	8	4	4	3	0	3
2020	강동구	명일2동	450	266	184	177	108	69	41	23	18	49	32	17	68	34	34	6	4	2	38	22	16	15	11	4	13	7	6	24	18	6	3	0	3	3	3	0	4	2	2	0	0	0	7	1	6	2	1	1
2020	강동구	고덕1동	718	444	274	290	191	99	89	53	36	77	45	32	79	43	36	8	4	4	65	38	27	32	27	5	19	8	11	34	22	12	3	0	3	5	4	1	7	4	3	1	1	0	6	2	4	3	2	1
2020	강동구	고덕2동	811	475	336	323	181	142	77	44	33	80	43	37	82	38	44	9	9	0	149	105	44	21	19	2	33	14	19	20	11	9	5	4	1	3	1	2	1	1	0	0	0	0	6	5	1	2	0	2
2020	강동구	암사2동	514	288	226	226	124	102	61	38	23	66	39	27	67	41	26	1	0	1	33	19	14	9	8	1	13	3	10	26	12	14	1	0	1	4	0	4	1	1	0	0	0	0	4	2	2	2	1	1
2020	강동구	암사3동	560	314	246	251	135	116	59	32	27	48	30	18	65	33	32	6	4	2	57	35	22	22	18	4	12	4	8	28	15	13	2	1	1	3	2	1	5	4	1	0	0	0	2	1	1	0	0	0
2020	강동구	천호1동	1,441	870	571	615	362	253	167	109	58	150	98	52	190	104	86	24	16	8	103	59	44	39	37	2	67	36	31	61	32	29	3	3	0	8	6	2	3	3	0	2	0	2	7	4	3	2	1	1
2020	강동구	천호3동	1,314	770	544	595	346	249	145	84	61	142	93	49	181	101	80	18	16	2	82	47	35	14	11	3	59	27	32	56	34	22	2	1	1	5	3	2	5	2	3	1	0	1	9	5	4	0	0	0
2020	강동구	성내1동	662	416	246	276	165	111	87	53	34	72	40	32	98	61	37	8	6	2	32	24	8	21	17	4	12	7	5	33	27	6	2	2	0	4	4	0	6	3	3	1	1	0	5	2	3	5	4	1
2020	강동구	성내2동	1,053	670	383	460	295	165	106	66	40	109	74	35	160	92	68	6	4	2	58	42	16	23	19	4	46	20	26	61	42	19	2	2	0	5	4	1	5	3	2	1	1	0	10	6	4	1	0	1
2020	강동구	성내3동	886	559	327	404	253	151	89	61	28	89	54	35	115	67	48	11	9	2	59	39	20	24	19	5	32	21	11	37	23	14	1	0	1	5	5	0	10	5	5	1	0	1	4	3	1	5	0	5
2020	강동구	둔촌1동	3	2	1	3	2	1	0	0	0	0	0	0	0	0	0	0	0	0	0	0	0	0	0	0	0	0	0	0	0	0	0	0	0	0	0	0	0	0	0	0	0	0	0	0	0	0	0	0
2020	강동구	둔촌2동	971	570	401	442	251	191	105	67	38	86	49	37	126	74	52	7	7	0	77	46	31	21	17	4	29	14	15	54	33	21	2	1	1	4	3	1	7	3	4	0	0	0	7	3	4	4	2	2
2020	강동구	암사1동	1,682	1,006	676	722	414	308	176	103	73	195	119	76	216	133	83	16	10	6	127	76	51	35	30	5	75	40	35	78	54	24	6	3	3	8	8	0	11	7	4	2	2	0	10	6	4	5	1	4
2020	강동구	천호2동	1,735	1,031	704	767	437	330	179	117	62	191	117	74	251	145	106	20	16	4	102	58	44	27	22	5	66	38	28	76	41	35	4	3	1	11	10	1	17	15	2	3	2	1	12	5	7	9	5	4
2020	강동구	길동	1,995	1,215	780	878	527	351	210	125	85	212	134	78	279	163	116	20	12	8	128	79	49	34	30	4	73	44	29	109	65	44	4	2	2	15	11	4	12	12	0	4	1	3	10	8	2	7	2	5